20060290,2006-04-01 00:00:00,-95.06644,-46.91926,3.22795
20060290,2006-04-01 01:00:00,-94.14520,-47.22592,3.34880
20060290,2006-04-01 02:00:00,-93.11658,-47.45998,3.56434
20060290,2006-04-01 03:00:00,-92.03937,-47.79212,3.74378
20060290,2006-04-01 04:00:00,-90.78061,-48.21837,3.97331
20060290,2006-04-01 05:00:00,-89.55844,-48.55872,4.19734
20060290,2006-04-01 06:00:00,-88.43961,-49.01089,4.38831
20060290,2006-04-01 07:00:00,-87.38217,-49.42804,4.65321
20060290,2006-04-01 08:00:00,-86.41818,-49.89088,4.90739
20060290,2006-04-01 09:00:00,-85.41376,-50.48460,5.07483
20060290,2006-04-01 10:00:00,-84.28293,-50.80184,5.30923
20060290,2006-04-01 11:00:00,-83.27701,-51.65352,5.54394
20060290,2006-04-01 12:00:00,-82.39548,-52.49455,5.89028
20060290,2006-04-01 13:00:00,-81.63358,-53.36887,6.10799
20060290,2006-04-01 14:00:00,-80.88351,-54.22289,6.23971
20060290,2006-04-01 15:00:00,-80.13770,-55.00332,6.33529
20060290,2006-04-01 16:00:00,-79.29160,-55.75307,6.34805
20060290,2006-04-01 17:00:00,-78.40521,-56.46611,6.41312
20060290,2006-04-01 18:00:00,-77.46252,-57.07754,6.61671
20060290,2006-04-01 19:00:00,-76.58460,-57.61187,6.93140
20060290,2006-04-01 20:00:00,-75.77521,-58.17039,7.26657
20060290,2006-04-01 21:00:00,-75.00909,-58.68808,7.61175
20060290,2006-04-01 22:00:00,-74.41028,-59.41980,7.67572
20060290,2006-04-01 23:00:00,-73.75336,-59.93408,7.70610
20060290,2006-04-02 00:00:00,-73.26303,-60.51258,7.70015
20060290,2006-04-02 01:00:00,-72.94992,-61.15588,7.58033
20060290,2006-04-02 02:00:00,-72.73694,-61.78108,7.40747
20060290,2006-04-02 03:00:00,-72.54922,-62.34230,7.22018
20060290,2006-04-02 04:00:00,-72.29163,-62.80992,6.98614
20060290,2006-04-02 05:00:00,-72.52432,-63.30628,6.74174
20060290,2006-04-02 06:00:00,-73.02664,-63.85260,6.50106
20060290,2006-04-02 07:00:00,-73.86987,-64.35037,6.25934
20060290,2006-04-02 08:00:00,-75.00336,-64.74279,5.96761
20060290,2006-04-02 09:00:00,-77.40399,-64.93649,5.86453
20060290,2006-04-02 10:00:00,-78.28772,-65.12135,5.74353
20060290,2006-04-02 11:00:00,-78.37698,-65.29022,5.86525
20060290,2006-04-02 12:00:00,-78.22513,-65.37063,5.90938
20060290,2006-04-02 13:00:00,-77.94730,-65.60644,5.89230
20060290,2006-04-02 14:00:00,-77.66223,-66.01038,5.83739
20060290,2006-04-02 15:00:00,-77.53180,-66.29867,5.60272
20060290,2006-04-02 16:00:00,-77.81659,-66.72766,5.27595
20060290,2006-04-02 17:00:00,-78.63745,-67.48922,4.97571
20060290,2006-04-02 18:00:00,-79.39755,-68.07207,4.68850
20060290,2006-04-02 19:00:00,-79.82544,-68.54033,4.40808
20060290,2006-04-02 20:00:00,-80.13672,-69.02419,4.24877
20060290,2006-04-02 21:00:00,-80.26816,-69.51740,4.03296
20060290,2006-04-02 22:00:00,-80.43613,-69.83386,3.99765
20060290,2006-04-02 23:00:00,-80.18317,-70.15640,3.87045
20060290,2006-04-03 00:00:00,-79.26935,-70.55396,3.62597
20060290,2006-04-03 01:00:00,-76.92697,-71.27178,3.50339
20060290,2006-04-03 02:00:00,-72.52042,-72.56769,3.49538
20060290,2006-04-03 03:00:00,-70.68295,-73.25186,3.45621
20060290,2006-04-03 04:00:00,-69.26620,-73.80773,3.36199
20060290,2006-04-03 05:00:00,-68.44058,-74.37251,3.28912
20060290,2006-04-03 06:00:00,-67.75662,-74.84567,3.25472
20060290,2006-04-03 07:00:00,-67.22192,-75.12307,3.23296
20060290,2006-04-03 08:00:00,-66.64456,-75.32197,3.21519
20060290,2006-04-03 09:00:00,-66.22250,-75.44160,3.25416
20060290,2006-04-03 10:00:00,-66.26291,-75.55142,3.36471
20060290,2006-04-03 11:00:00,-65.74945,-75.65939,3.37183
20060290,2006-04-03 12:00:00,-65.18121,-75.68645,3.34842
20060290,2006-04-03 13:00:00,-64.44379,-75.61012,3.29290
20060290,2006-04-03 14:00:00,-63.44336,-75.46299,3.21330
20060291,2006-04-01 10:00:00,24.52635,-38.61816,1.34847
20060291,2006-04-01 11:00:00,25.42069,-38.92921,1.34876
20060291,2006-04-01 12:00:00,26.35512,-39.22866,1.36057
20060291,2006-04-01 13:00:00,27.03368,-39.58190,1.41568
20060291,2006-04-01 14:00:00,27.66603,-39.87433,1.55241
20060291,2006-04-01 15:00:00,28.27416,-40.15122,1.66650
20060291,2006-04-01 16:00:00,28.82704,-40.42274,1.74980
20060291,2006-04-01 17:00:00,29.28421,-40.49674,1.85241
20060291,2006-04-01 18:00:00,29.84700,-40.47316,1.98783
20060291,2006-04-01 19:00:00,30.41767,-40.61187,2.04314
20060291,2006-04-01 20:00:00,31.13840,-40.66416,2.13662
20060291,2006-04-01 21:00:00,31.98515,-41.02269,2.25959
20060291,2006-04-01 22:00:00,33.65530,-41.06127,2.48029
20060291,2006-04-01 23:00:00,34.80892,-41.52257,2.76701
20060291,2006-04-02 00:00:00,35.91837,-41.78943,3.07933
20060291,2006-04-02 01:00:00,36.94523,-41.83681,3.39994
20060291,2006-04-02 02:00:00,38.13909,-42.06184,3.63855
20060291,2006-04-02 03:00:00,39.12227,-42.32108,3.78833
20060291,2006-04-02 04:00:00,39.88918,-42.31789,4.01766
20060291,2006-04-02 05:00:00,41.55973,-43.27984,4.14136
20060291,2006-04-02 06:00:00,42.42107,-43.24311,4.41886
20060291,2006-04-02 07:00:00,43.77864,-43.80891,4.43945
20060291,2006-04-02 08:00:00,44.70092,-43.78196,4.74720
20060291,2006-04-02 09:00:00,45.93595,-44.16200,4.85792
20060291,2006-04-02 10:00:00,47.01916,-43.85660,5.21805
20060291,2006-04-02 11:00:00,48.14500,-44.20687,5.30689
20060291,2006-04-02 12:00:00,48.81742,-44.18437,5.67635
20060291,2006-04-02 13:00:00,49.66186,-44.37345,5.82049
20060291,2006-04-02 14:00:00,50.35977,-44.45540,5.83755
20060291,2006-04-02 15:00:00,51.06349,-44.55416,5.88935
20060291,2006-04-02 16:00:00,51.84082,-44.73466,5.85799
20060291,2006-04-02 17:00:00,52.67454,-44.87516,6.04634
20060291,2006-04-02 18:00:00,53.72939,-45.30450,6.10353
20060291,2006-04-02 19:00:00,54.58313,-45.54056,6.24165
20060291,2006-04-02 20:00:00,55.42445,-45.78049,6.34905
20060291,2006-04-02 21:00:00,56.28457,-46.09085,6.46192
20060291,2006-04-02 22:00:00,57.39561,-46.73077,6.38241
20060291,2006-04-02 23:00:00,58.23678,-47.03564,6.61549
20060291,2006-04-03 00:00:00,58.99760,-47.34542,6.94001
20060291,2006-04-03 01:00:00,59.77989,-47.71066,7.15513
20060291,2006-04-03 02:00:00,60.53464,-47.99414,7.34838
20060291,2006-04-03 03:00:00,61.31084,-48.29451,7.52686
20060291,2006-04-03 04:00:00,62.05119,-48.58190,7.75347
20060291,2006-04-03 05:00:00,62.75235,-48.83230,7.96099
20060291,2006-04-03 06:00:00,63.47840,-49.14685,8.14830
20060291,2006-04-03 07:00:00,64.18198,-49.52532,8.35288
20060291,2006-04-03 08:00:00,64.92194,-49.92713,8.55504
20060291,2006-04-03 09:00:00,65.67082,-50.36009,8.83697
20060291,2006-04-03 10:00:00,66.80721,-51.24897,9.41597
20060291,2006-04-03 11:00:00,67.47427,-51.66299,9.81605
20060291,2006-04-03 12:00:00,68.09282,-52.07531,10.16496
20060291,2006-04-03 13:00:00,68.67589,-52.51183,10.59350
20060291,2006-04-03 14:00:00,69.24702,-52.98921,11.01641
20060291,2006-04-03 15:00:00,69.80719,-53.46103,11.51504
20060291,2006-04-03 16:00:00,70.32294,-53.89161,11.97520
20060291,2006-04-03 17:00:00,70.83840,-54.28872,12.34662
20060291,2006-04-03 18:00:00,71.31287,-54.67954,12.78798
20060291,2006-04-03 19:00:00,71.70965,-55.08104,13.13759
20060291,2006-04-03 20:00:00,72.08016,-55.48812,13.50092
20060291,2006-04-03 21:00:00,72.47539,-55.92302,13.80003
20060291,2006-04-03 22:00:00,73.05521,-56.44735,14.00476
20060291,2006-04-03 23:00:00,73.47107,-56.77874,14.29907
20060291,2006-04-04 00:00:00,73.89044,-57.07972,14.58372
20060291,2006-04-04 01:00:00,74.39037,-57.36062,15.00760
20060291,2006-04-04 02:00:00,74.92250,-57.65767,15.33241
20060291,2006-04-04 03:00:00,75.46719,-57.96219,15.47568
20060291,2006-04-04 04:00:00,75.99292,-58.27688,15.58491
20060291,2006-04-04 05:00:00,76.52735,-58.57884,15.65502
20060291,2006-04-04 06:00:00,77.06149,-58.90796,15.69872
20060291,2006-04-04 07:00:00,77.55832,-59.14051,15.80048
20060291,2006-04-04 08:00:00,78.11076,-59.45463,15.91296
20060291,2006-04-04 09:00:00,78.73511,-59.75304,16.02141
20060291,2006-04-04 10:00:00,79.53304,-60.08051,15.64532
20060291,2006-04-04 11:00:00,80.17100,-60.28877,15.62557
20060291,2006-04-04 12:00:00,80.86491,-60.50853,15.51217
20060291,2006-04-04 13:00:00,81.48303,-60.64345,15.43934
20060291,2006-04-04 14:00:00,81.98509,-60.79539,15.09322
20060291,2006-04-04 15:00:00,82.44692,-60.91898,14.82882
20060291,2006-04-04 16:00:00,82.87991,-61.06107,14.56623
20060291,2006-04-04 17:00:00,83.37998,-61.19481,14.33319
20060291,2006-04-04 18:00:00,83.86212,-61.34546,14.14115
20060291,2006-04-04 19:00:00,84.35264,-61.48574,13.94967
20060291,2006-04-04 20:00:00,84.78449,-61.63775,13.83795
20060291,2006-04-04 21:00:00,85.23189,-61.76246,13.61782
20060291,2006-04-04 22:00:00,85.98343,-62.00883,12.77654
20060291,2006-04-04 23:00:00,86.22116,-62.10765,12.53773
20060291,2006-04-05 00:00:00,86.47527,-62.19238,12.42037
20060291,2006-04-05 01:00:00,86.58599,-62.28690,12.22006
20060291,2006-04-05 02:00:00,86.66136,-62.37317,12.07965
20060291,2006-04-05 03:00:00,86.76682,-62.45847,11.97476
20060291,2006-04-05 04:00:00,86.74724,-62.54166,11.82062
20060291,2006-04-05 05:00:00,86.66090,-62.61681,11.70147
20060291,2006-04-05 06:00:00,86.58649,-62.69454,11.58734
20060291,2006-04-05 07:00:00,86.51355,-62.76980,11.43958
20060291,2006-04-05 08:00:00,86.46858,-62.84206,11.32644
20060291,2006-04-05 09:00:00,86.41250,-62.91698,11.18007
20060291,2006-04-05 10:00:00,86.73373,-62.98879,10.82226
20060291,2006-04-05 11:00:00,86.58122,-63.05664,10.61564
20060291,2006-04-05 12:00:00,86.41208,-63.12558,10.43061
20060291,2006-04-05 13:00:00,86.14357,-63.20050,10.22879
20060291,2006-04-05 14:00:00,85.87402,-63.26383,10.03871
20060291,2006-04-05 15:00:00,85.64755,-63.32617,9.85486
20060291,2006-04-05 16:00:00,85.34175,-63.38827,9.68731
20060291,2006-04-05 17:00:00,85.05495,-63.43920,9.57270
20060291,2006-04-05 18:00:00,84.82195,-63.48037,9.43239
20060291,2006-04-05 19:00:00,84.61154,-63.52305,9.27078
20060291,2006-04-05 20:00:00,84.43005,-63.56748,9.09988
20060291,2006-04-05 21:00:00,84.26765,-63.61475,8.91100
20060291,2006-04-05 22:00:00,84.02676,-63.74435,8.54123
20060291,2006-04-05 23:00:00,83.89162,-63.77384,8.41333
20060291,2006-04-06 00:00:00,83.75117,-63.79400,8.31530
20060291,2006-04-06 01:00:00,83.67992,-63.79207,8.20408
20060291,2006-04-06 02:00:00,83.55763,-63.77932,8.08050
20060291,2006-04-06 03:00:00,83.47576,-63.76107,7.94857
20060291,2006-04-06 04:00:00,83.48326,-63.73723,7.77888
20060291,2006-04-06 05:00:00,83.49689,-63.71757,7.61224
20060291,2006-04-06 06:00:00,83.57304,-63.70412,7.46621
20060291,2006-04-06 07:00:00,83.70110,-63.68286,7.34460
20060291,2006-04-06 08:00:00,83.82584,-63.65367,7.21895
20060291,2006-04-06 09:00:00,84.00294,-63.63350,7.09657
20060291,2006-04-06 10:00:00,84.22523,-63.71927,6.59026
20060291,2006-04-06 11:00:00,84.39593,-63.70231,6.40350
20060291,2006-04-06 12:00:00,84.54494,-63.69514,6.21694
20060291,2006-04-06 13:00:00,84.66489,-63.66162,6.04205
20060291,2006-04-06 14:00:00,84.74515,-63.64541,5.85102
20060291,2006-04-06 15:00:00,84.79838,-63.63057,5.62977
20060291,2006-04-06 16:00:00,84.84896,-63.63298,5.39346
20060291,2006-04-06 17:00:00,84.69739,-63.66688,5.14309
20060291,2006-04-06 18:00:00,84.45779,-63.69257,4.94836
20060291,2006-04-06 19:00:00,84.08711,-63.72981,4.75067
20060291,2006-04-06 20:00:00,83.50800,-63.78681,4.58125
20060291,2006-04-06 21:00:00,82.91750,-63.81124,4.47927
20060291,2006-04-06 22:00:00,82.10002,-63.75969,4.38004
20060291,2006-04-06 23:00:00,81.48508,-63.73386,4.31233
20060291,2006-04-07 00:00:00,80.93576,-63.70135,4.23992
20060291,2006-04-07 01:00:00,80.39297,-63.64794,4.19279
20060291,2006-04-07 02:00:00,80.03396,-63.54594,4.16663
20060291,2006-04-07 03:00:00,79.78350,-63.39867,4.13084
20060291,2006-04-07 04:00:00,79.71967,-63.24170,4.07309
20060291,2006-04-07 05:00:00,79.61200,-63.08751,4.04624
20060291,2006-04-07 06:00:00,79.56068,-62.97727,4.01401
20060291,2006-04-07 07:00:00,79.49816,-62.87218,3.98252
20060291,2006-04-07 08:00:00,79.40766,-62.81202,4.00497
20060291,2006-04-07 09:00:00,79.46529,-62.75208,4.03857
20060291,2006-04-07 10:00:00,79.74901,-62.72123,4.14209
20060291,2006-04-07 11:00:00,79.88663,-62.67623,4.06155
20060291,2006-04-07 12:00:00,79.92942,-62.57072,4.01292
20060291,2006-04-07 13:00:00,79.90068,-62.43197,3.99324
20060291,2006-04-07 14:00:00,80.01668,-62.25960,3.89803
20060291,2006-04-07 15:00:00,80.00397,-62.04072,3.93987
20060291,2006-04-07 16:00:00,80.14557,-61.85004,3.84385
20060291,2006-04-07 17:00:00,80.29074,-61.63975,3.75692
20060291,2006-04-07 18:00:00,80.54837,-61.40410,3.69826
20060291,2006-04-07 19:00:00,80.87509,-61.22406,3.57804
20060291,2006-04-07 20:00:00,81.30860,-61.04214,3.44408
20060291,2006-04-07 21:00:00,81.88721,-60.88085,3.29547
20060291,2006-04-07 22:00:00,82.54902,-60.95064,3.20981
20060291,2006-04-07 23:00:00,83.28009,-60.71065,3.03666
20060291,2006-04-08 00:00:00,84.33504,-60.48724,2.91284
20060291,2006-04-08 01:00:00,85.76205,-60.28538,2.81067
20060292,2006-04-01 13:00:00,-29.09778,-34.14585,1.12831
20060292,2006-04-01 14:00:00,-28.45078,-34.38703,1.23513
20060292,2006-04-01 15:00:00,-27.88171,-34.55340,1.32302
20060292,2006-04-01 16:00:00,-27.67267,-34.60847,1.30817
20060292,2006-04-01 17:00:00,-27.52823,-34.57363,1.35868
20060292,2006-04-01 18:00:00,-27.43951,-34.50919,1.32220
20060292,2006-04-01 19:00:00,-27.37399,-34.30792,1.27227
20060292,2006-04-01 20:00:00,-27.18689,-34.22585,1.35351
20060292,2006-04-01 21:00:00,-27.20319,-33.96805,1.39816
20060292,2006-04-01 22:00:00,-26.25497,-33.88578,1.42196
20060292,2006-04-01 23:00:00,-26.28598,-33.61583,1.35952
20060292,2006-04-02 00:00:00,-26.24817,-33.50065,1.28667
20060292,2006-04-02 01:00:00,-25.97012,-33.57059,1.29219
20060292,2006-04-02 02:00:00,-25.91010,-33.59316,1.20180
20060292,2006-04-02 03:00:00,-25.56900,-33.76924,1.23583
20060292,2006-04-02 04:00:00,-25.23773,-33.98421,1.25193
20060292,2006-04-02 05:00:00,-24.82812,-34.25565,1.27538
20060292,2006-04-02 06:00:00,-24.46759,-34.50663,1.29477
20060292,2006-04-02 07:00:00,-24.14334,-34.70503,1.34991
20060292,2006-04-02 08:00:00,-23.89975,-34.86150,1.44108
20060292,2006-04-02 09:00:00,-23.79956,-34.88358,1.45784
20060292,2006-04-02 10:00:00,-24.28458,-34.43788,1.36958
20060292,2006-04-02 11:00:00,-24.00986,-34.41594,1.42710
20060292,2006-04-02 12:00:00,-23.78430,-34.48094,1.54220
20060292,2006-04-02 13:00:00,-23.58530,-34.45777,1.64770
20060292,2006-04-02 14:00:00,-23.51743,-34.43368,1.64831
20060292,2006-04-02 15:00:00,-23.31561,-34.55800,1.62210
20060292,2006-04-02 16:00:00,-23.09170,-34.58002,1.58720
20060292,2006-04-02 17:00:00,-22.87088,-34.69797,1.59395
20060292,2006-04-02 18:00:00,-22.75357,-34.80833,1.54722
20060292,2006-04-02 19:00:00,-22.47864,-35.08632,1.53288
20060292,2006-04-02 20:00:00,-22.18347,-35.39384,1.49721
20060293,2006-04-01 19:00:00,-21.26816,-52.67484,3.69061
20060293,2006-04-01 20:00:00,-20.70963,-52.67178,3.73393
20060293,2006-04-01 21:00:00,-20.15860,-52.76221,3.76375
20060293,2006-04-01 22:00:00,-19.76804,-52.55176,3.95471
20060293,2006-04-01 23:00:00,-19.10208,-52.80801,4.00124
20060293,2006-04-02 00:00:00,-18.38809,-53.09764,4.05280
20060293,2006-04-02 01:00:00,-17.66977,-53.35321,4.07936
20060293,2006-04-02 02:00:00,-16.94925,-53.57860,4.07557
20060293,2006-04-02 03:00:00,-16.18103,-53.80600,4.05009
20060293,2006-04-02 04:00:00,-15.40497,-53.99487,4.03353
20060293,2006-04-02 05:00:00,-14.64197,-54.13274,4.00551
20060293,2006-04-02 06:00:00,-13.85760,-54.22431,3.97240
20060293,2006-04-02 07:00:00,-13.10895,-54.27168,3.92807
20060293,2006-04-02 08:00:00,-12.37991,-54.29436,3.87083
20060293,2006-04-02 09:00:00,-11.64651,-54.31893,3.80797
20060293,2006-04-02 10:00:00,-10.54217,-54.42771,3.98381
20060293,2006-04-02 11:00:00,-9.76184,-54.52927,3.93322
20060293,2006-04-02 12:00:00,-8.95660,-54.67629,3.86487
20060293,2006-04-02 13:00:00,-8.18085,-54.85911,3.79942
20060293,2006-04-02 14:00:00,-7.40399,-55.03748,3.74923
20060293,2006-04-02 15:00:00,-6.63773,-55.16140,3.68217
20060293,2006-04-02 16:00:00,-5.91205,-55.24488,3.57950
20060293,2006-04-02 17:00:00,-5.22330,-55.31830,3.46535
20060293,2006-04-02 18:00:00,-4.57217,-55.39952,3.34103
20060293,2006-04-02 19:00:00,-3.84232,-55.48606,3.24706
20060293,2006-04-02 20:00:00,-3.15405,-55.56072,3.16567
20060293,2006-04-02 21:00:00,-2.50052,-55.62602,3.08977
20060293,2006-04-02 22:00:00,-1.14133,-55.46128,3.10693
20060293,2006-04-02 23:00:00,-0.53095,-55.54105,3.04150
20060293,2006-04-03 00:00:00,0.04433,-55.64236,2.93485
20060293,2006-04-03 01:00:00,0.53399,-55.76577,2.76033
20060293,2006-04-03 02:00:00,1.00053,-55.93492,2.57101
20060293,2006-04-03 03:00:00,1.54482,-56.12248,2.42118
20060293,2006-04-03 04:00:00,2.18104,-56.31503,2.30259
20060293,2006-04-03 05:00:00,2.99416,-56.48205,2.25628
20060293,2006-04-03 06:00:00,3.87199,-56.60443,2.24674
20060293,2006-04-03 07:00:00,4.77690,-56.65941,2.22952
20060293,2006-04-03 08:00:00,5.66188,-56.67387,2.17879
20060293,2006-04-03 09:00:00,6.52523,-56.67152,2.09921
20060293,2006-04-03 10:00:00,6.38443,-56.46263,1.99675
20060293,2006-04-03 11:00:00,7.10142,-56.46597,1.90604
20060293,2006-04-03 12:00:00,7.91093,-56.50962,1.80852
20060293,2006-04-03 13:00:00,8.82896,-56.57981,1.71915
20060293,2006-04-03 14:00:00,9.97473,-56.63551,1.62721
20060293,2006-04-03 15:00:00,11.62588,-56.59252,1.54136
20060293,2006-04-03 16:00:00,13.90884,-56.38170,1.50431
20060293,2006-04-03 17:00:00,16.10445,-56.11358,1.52117
20060293,2006-04-03 18:00:00,17.78073,-55.84184,1.54841
20060293,2006-04-03 19:00:00,19.10827,-55.55578,1.53326
20060293,2006-04-03 20:00:00,20.35438,-55.24022,1.50342
20060293,2006-04-03 21:00:00,21.36213,-55.01228,1.44364
20060293,2006-04-03 22:00:00,23.24491,-54.51068,1.31853
20060294,2006-04-02 07:00:00,-60.30917,-57.25897,4.66882
20060294,2006-04-02 08:00:00,-59.09122,-57.12218,4.53076
20060294,2006-04-02 09:00:00,-57.92459,-57.06238,4.46527
20060294,2006-04-02 10:00:00,-56.64291,-56.58472,4.27989
20060294,2006-04-02 11:00:00,-55.58771,-56.69080,4.21953
20060294,2006-04-02 12:00:00,-54.52139,-56.72186,4.10327
20060294,2006-04-02 13:00:00,-53.52631,-56.76378,4.02919
20060294,2006-04-02 14:00:00,-52.51654,-56.78282,3.91525
20060294,2006-04-02 15:00:00,-51.50116,-56.81181,3.82312
20060294,2006-04-02 16:00:00,-50.50385,-56.81033,3.76521
20060294,2006-04-02 17:00:00,-49.50113,-56.75484,3.66648
20060294,2006-04-02 18:00:00,-48.50183,-56.67298,3.56484
20060294,2006-04-02 19:00:00,-47.51682,-56.55602,3.47266
20060294,2006-04-02 20:00:00,-46.60690,-56.41539,3.38556
20060294,2006-04-02 21:00:00,-45.65848,-56.22144,3.33879
20060294,2006-04-02 22:00:00,-44.53717,-55.84520,3.33423
20060294,2006-04-02 23:00:00,-43.66248,-55.70319,3.27228
20060294,2006-04-03 00:00:00,-42.79236,-55.55160,3.18050
20060294,2006-04-03 01:00:00,-41.95447,-55.36539,3.04306
20060294,2006-04-03 02:00:00,-41.15521,-55.11255,2.89734
20060294,2006-04-03 03:00:00,-40.42792,-54.83633,2.75086
20060294,2006-04-03 04:00:00,-39.76675,-54.55808,2.62525
20060294,2006-04-03 05:00:00,-39.11057,-54.22382,2.51847
20060294,2006-04-03 06:00:00,-38.45276,-53.88107,2.40262
20060294,2006-04-03 07:00:00,-37.74063,-53.48124,2.33650
20060294,2006-04-03 08:00:00,-36.99405,-52.99883,2.29384
20060294,2006-04-03 09:00:00,-36.29611,-52.52437,2.27455
20060294,2006-04-03 10:00:00,-35.69446,-52.07456,2.24185
20060294,2006-04-03 11:00:00,-35.06869,-51.64812,2.21313
20060294,2006-04-03 12:00:00,-34.45779,-51.19051,2.17218
20060294,2006-04-03 13:00:00,-33.84143,-50.68983,2.10017
20060294,2006-04-03 14:00:00,-33.21051,-50.13643,2.04035
20060294,2006-04-03 15:00:00,-32.58673,-49.59534,1.96160
20060294,2006-04-03 16:00:00,-31.93021,-49.00798,1.92534
20060294,2006-04-03 17:00:00,-31.32126,-48.52502,1.83911
20060294,2006-04-03 18:00:00,-30.72028,-47.89714,1.78690
20060294,2006-04-03 19:00:00,-30.02536,-47.22790,1.77522
20060294,2006-04-03 20:00:00,-29.45905,-46.60182,1.81333
20060294,2006-04-03 21:00:00,-28.84250,-46.05318,1.87164
20060294,2006-04-03 22:00:00,-27.41666,-45.18767,2.16554
20060294,2006-04-03 23:00:00,-26.96167,-44.74189,2.17057
20060294,2006-04-04 00:00:00,-26.46838,-44.27644,2.19844
20060294,2006-04-04 01:00:00,-26.02158,-43.86765,2.12608
20060294,2006-04-04 02:00:00,-25.48560,-43.50437,2.11116
20060294,2006-04-04 03:00:00,-25.05032,-43.16150,2.01387
20060294,2006-04-04 04:00:00,-24.46481,-42.85529,1.93914
20060294,2006-04-04 05:00:00,-23.90802,-42.57856,1.84362
20060294,2006-04-04 06:00:00,-23.36960,-42.28849,1.79655
20060294,2006-04-04 07:00:00,-22.91305,-41.94374,1.71432
20060294,2006-04-04 08:00:00,-22.41653,-41.65665,1.60333
20060294,2006-04-04 09:00:00,-21.91354,-41.32911,1.50068
20060294,2006-04-04 10:00:00,-21.16489,-40.64957,1.56982
20060294,2006-04-04 11:00:00,-20.52835,-40.32123,1.38361
20060294,2006-04-04 12:00:00,-19.96252,-40.00260,1.22391
20060295,2006-04-02 09:00:00,-38.94458,-27.43433,1.07255
20060295,2006-04-02 10:00:00,-38.39960,-28.06284,1.14360
20060295,2006-04-02 11:00:00,-38.37347,-28.07559,1.29358
20060295,2006-04-02 12:00:00,-38.22498,-28.13447,1.41823
20060295,2006-04-02 13:00:00,-38.19409,-28.04200,1.56868
20060295,2006-04-02 14:00:00,-38.14471,-28.05000,1.67206
20060295,2006-04-02 15:00:00,-37.99130,-28.06231,1.69851
20060295,2006-04-02 16:00:00,-37.92828,-28.06257,1.71699
20060295,2006-04-02 17:00:00,-37.76434,-28.06211,1.79191
20060295,2006-04-02 18:00:00,-37.47272,-27.99143,1.70776
20060295,2006-04-02 19:00:00,-37.31015,-27.84860,1.73839
20060295,2006-04-02 20:00:00,-37.09628,-27.72896,1.87342
20060295,2006-04-02 21:00:00,-37.03888,-27.60536,1.96160
20060295,2006-04-02 22:00:00,-36.43665,-27.79728,2.17867
20060295,2006-04-02 23:00:00,-36.37146,-27.64311,2.26819
20060295,2006-04-03 00:00:00,-36.24915,-27.65259,2.43349
20060295,2006-04-03 01:00:00,-36.10172,-27.53947,2.69265
20060295,2006-04-03 02:00:00,-36.04251,-27.50157,2.91587
20060295,2006-04-03 03:00:00,-36.08987,-27.41331,2.82764
20060295,2006-04-03 04:00:00,-36.04233,-27.27172,2.84531
20060295,2006-04-03 05:00:00,-36.06003,-27.13156,2.70443
20060295,2006-04-03 06:00:00,-35.98813,-27.00762,2.62682
20060295,2006-04-03 07:00:00,-35.49249,-26.92242,2.90458
20060295,2006-04-03 08:00:00,-35.38592,-26.79095,2.94757
20060295,2006-04-03 09:00:00,-35.29779,-26.69988,2.82088
20060295,2006-04-03 10:00:00,-35.51977,-26.30967,2.68679
20060295,2006-04-03 11:00:00,-35.56921,-26.19734,2.59155
20060295,2006-04-03 12:00:00,-35.59994,-26.15896,2.58112
20060295,2006-04-03 13:00:00,-35.45233,-26.26300,2.55608
20060295,2006-04-03 14:00:00,-35.25470,-26.35719,2.57542
20060295,2006-04-03 15:00:00,-34.99838,-26.41119,2.63050
20060295,2006-04-03 16:00:00,-34.48380,-26.64375,2.70344
20060295,2006-04-03 17:00:00,-34.30231,-26.69657,2.88441
20060295,2006-04-03 18:00:00,-34.04398,-26.72962,3.11274
20060295,2006-04-03 19:00:00,-33.44275,-26.86986,3.15257
20060295,2006-04-03 20:00:00,-33.39642,-26.75414,3.16555
20060295,2006-04-03 21:00:00,-33.64932,-26.54525,3.24747
20060295,2006-04-03 22:00:00,-34.48544,-25.90610,3.34967
20060295,2006-04-03 23:00:00,-34.46176,-25.76742,3.42739
20060295,2006-04-04 00:00:00,-34.45429,-25.61513,3.43058
20060295,2006-04-04 01:00:00,-34.40564,-25.50420,3.46089
20060295,2006-04-04 02:00:00,-34.40906,-25.33294,3.39842
20060295,2006-04-04 03:00:00,-34.36862,-25.22963,3.42669
20060295,2006-04-04 04:00:00,-34.31796,-25.10285,3.42220
20060295,2006-04-04 05:00:00,-34.17761,-25.04560,3.46776
20060295,2006-04-04 06:00:00,-33.97397,-25.06659,3.46826
20060295,2006-04-04 07:00:00,-33.81720,-25.07028,3.44448
20060295,2006-04-04 08:00:00,-33.63535,-25.09572,3.45195
20060295,2006-04-04 09:00:00,-33.49350,-25.19043,3.50373
20060295,2006-04-04 10:00:00,-33.16315,-25.01975,3.52537
20060295,2006-04-04 11:00:00,-33.08524,-24.93871,3.57257
20060295,2006-04-04 12:00:00,-32.92877,-24.91105,3.59362
20060295,2006-04-04 13:00:00,-32.79700,-24.92729,3.58741
20060295,2006-04-04 14:00:00,-32.55896,-25.00271,3.59158
20060295,2006-04-04 15:00:00,-32.20691,-25.10313,3.60741
20060295,2006-04-04 16:00:00,-31.78104,-25.28244,3.65840
20060295,2006-04-04 17:00:00,-31.43842,-25.37846,3.64729
20060295,2006-04-04 18:00:00,-31.52920,-25.25409,3.49449
20060295,2006-04-04 19:00:00,-31.33908,-25.27249,3.36194
20060295,2006-04-04 20:00:00,-31.41058,-25.15213,3.26963
20060295,2006-04-04 21:00:00,-31.22620,-25.15945,3.25199
20060296,2006-04-02 10:00:00,-100.32916,-48.50024,4.49859
20060296,2006-04-02 11:00:00,-100.20233,-47.78310,4.39670
20060296,2006-04-02 12:00:00,-99.85559,-47.06027,4.33810
20060296,2006-04-02 13:00:00,-99.26031,-46.60131,4.28315
20060296,2006-04-02 14:00:00,-98.62174,-45.84700,4.29253
20060296,2006-04-02 15:00:00,-97.90848,-45.46319,4.19047
20060296,2006-04-02 16:00:00,-97.03351,-45.07118,4.16682
20060296,2006-04-02 17:00:00,-96.01840,-44.76746,4.16927
20060296,2006-04-02 18:00:00,-95.10452,-44.69832,4.08823
20060296,2006-04-02 19:00:00,-93.98599,-44.64693,4.19285
20060296,2006-04-02 20:00:00,-93.12756,-44.49524,4.28977
20060296,2006-04-02 21:00:00,-92.40195,-44.32435,4.25171
20060296,2006-04-02 22:00:00,-91.31885,-44.71425,4.38926
20060296,2006-04-02 23:00:00,-90.41296,-44.72321,4.43853
20060296,2006-04-03 00:00:00,-89.49942,-44.54883,4.55377
20060296,2006-04-03 01:00:00,-88.55746,-44.58556,4.64956
20060296,2006-04-03 02:00:00,-87.64694,-44.68302,4.73828
20060296,2006-04-03 03:00:00,-86.87521,-44.68761,4.82990
20060296,2006-04-03 04:00:00,-86.11597,-44.81589,4.87893
20060296,2006-04-03 05:00:00,-85.36890,-44.84866,4.93021
20060296,2006-04-03 06:00:00,-84.58960,-45.03346,4.94400
20060296,2006-04-03 07:00:00,-83.83798,-45.09526,4.92333
20060296,2006-04-03 08:00:00,-83.10300,-45.11861,4.85642
20060296,2006-04-03 09:00:00,-82.31955,-44.99434,4.77389
20060296,2006-04-03 10:00:00,-81.29083,-45.34196,4.57398
20060296,2006-04-03 11:00:00,-80.38895,-45.18810,4.48480
20060296,2006-04-03 12:00:00,-79.49847,-45.12284,4.43243
20060296,2006-04-03 13:00:00,-78.57727,-44.98701,4.33892
20060296,2006-04-03 14:00:00,-77.60739,-45.17381,4.24512
20060296,2006-04-03 15:00:00,-76.49298,-45.31217,4.08948
20060296,2006-04-03 16:00:00,-75.53738,-45.44264,3.67792
20060296,2006-04-03 17:00:00,-74.42245,-45.31546,3.34068
20060296,2006-04-03 18:00:00,-73.06818,-45.28138,3.39542
20060296,2006-04-03 19:00:00,-71.80545,-45.40041,3.37011
20060296,2006-04-03 20:00:00,-70.59454,-45.78539,3.37696
20060296,2006-04-03 21:00:00,-69.50699,-46.13883,3.30404
20060296,2006-04-03 22:00:00,-68.24487,-46.81620,3.26191
20060296,2006-04-03 23:00:00,-66.84912,-47.81327,3.18492
20060297,2006-04-02 22:00:00,-62.27667,-64.47482,3.70730
20060297,2006-04-02 23:00:00,-60.48721,-64.92430,3.91486
20060297,2006-04-03 00:00:00,-59.57361,-65.22197,4.10424
20060297,2006-04-03 01:00:00,-58.74054,-65.47662,4.23574
20060297,2006-04-03 02:00:00,-57.72073,-65.71635,4.31025
20060297,2006-04-03 03:00:00,-56.91251,-65.87546,4.40066
20060297,2006-04-03 04:00:00,-56.18735,-66.01398,4.43872
20060297,2006-04-03 05:00:00,-55.40830,-66.19288,4.45593
20060297,2006-04-03 06:00:00,-54.63422,-66.41501,4.50466
20060297,2006-04-03 07:00:00,-53.97885,-66.68331,4.59682
20060297,2006-04-03 08:00:00,-53.27060,-66.91250,4.70654
20060297,2006-04-03 09:00:00,-52.50278,-67.08955,4.78328
20060297,2006-04-03 10:00:00,-51.55096,-66.94144,5.05227
20060297,2006-04-03 11:00:00,-50.77481,-66.99116,5.05370
20060297,2006-04-03 12:00:00,-50.09345,-66.99322,5.05119
20060297,2006-04-03 13:00:00,-49.50317,-67.01382,5.07401
20060297,2006-04-03 14:00:00,-48.95145,-67.12683,5.08170
20060297,2006-04-03 15:00:00,-48.44559,-67.28979,5.10181
20060297,2006-04-03 16:00:00,-48.01984,-67.53113,5.10162
20060297,2006-04-03 17:00:00,-47.64893,-67.79477,5.06006
20060297,2006-04-03 18:00:00,-47.38257,-68.11232,4.98439
20060297,2006-04-03 19:00:00,-47.07446,-68.39940,4.88885
20060297,2006-04-03 20:00:00,-46.73355,-68.72433,4.79672
20060297,2006-04-03 21:00:00,-46.37241,-69.07388,4.73898
20060297,2006-04-03 22:00:00,-46.07919,-69.26962,4.73061
20060297,2006-04-03 23:00:00,-45.55249,-69.35563,4.74619
20060297,2006-04-04 00:00:00,-45.07816,-69.44739,4.79160
20060297,2006-04-04 01:00:00,-44.75653,-69.56336,4.83972
20060297,2006-04-04 02:00:00,-44.51688,-69.73442,4.81333
20060297,2006-04-04 03:00:00,-44.36664,-69.94813,4.69170
20060297,2006-04-04 04:00:00,-44.25961,-70.21276,4.49709
20060297,2006-04-04 05:00:00,-44.19501,-70.56241,4.27523
20060297,2006-04-04 06:00:00,-44.14243,-70.93611,4.08246
20060297,2006-04-04 07:00:00,-43.91727,-71.20079,3.95768
20060297,2006-04-04 08:00:00,-43.53900,-71.33374,3.87461
20060297,2006-04-04 09:00:00,-43.06690,-71.35504,3.82182
20060297,2006-04-04 10:00:00,-42.75171,-71.40955,3.81031
20060297,2006-04-04 11:00:00,-42.27124,-71.34800,3.74760
20060297,2006-04-04 12:00:00,-41.83029,-71.33536,3.65701
20060297,2006-04-04 13:00:00,-41.37943,-71.34699,3.56165
20060297,2006-04-04 14:00:00,-40.97461,-71.39197,3.44540
20060297,2006-04-04 15:00:00,-40.60608,-71.45786,3.33904
20060297,2006-04-04 16:00:00,-40.24286,-71.54236,3.21712
20060297,2006-04-04 17:00:00,-39.87103,-71.63567,3.10044
20060297,2006-04-04 18:00:00,-39.44553,-71.74053,3.00643
20060297,2006-04-04 19:00:00,-38.96539,-71.87179,2.90369
20060297,2006-04-04 20:00:00,-38.42764,-72.01590,2.81129
20060297,2006-04-04 21:00:00,-37.85248,-72.14944,2.70282
20060297,2006-04-04 22:00:00,-36.92679,-72.26431,2.43065
20060297,2006-04-04 23:00:00,-36.07593,-72.35839,2.33420
20060297,2006-04-05 00:00:00,-35.19589,-72.44681,2.25995
20060297,2006-04-05 01:00:00,-34.25412,-72.56498,2.21018
20060297,2006-04-05 02:00:00,-33.15472,-72.74533,2.13586
20060297,2006-04-05 03:00:00,-31.71738,-73.04588,2.04094
20060297,2006-04-05 04:00:00,-30.00864,-73.45138,1.95364
20060297,2006-04-05 05:00:00,-28.37140,-73.80869,1.88026
20060297,2006-04-05 06:00:00,-27.05600,-74.06601,1.83482
20060297,2006-04-05 07:00:00,-26.05267,-74.20129,1.77840
20060297,2006-04-05 08:00:00,-25.32513,-74.22859,1.71153
20060297,2006-04-05 09:00:00,-24.68027,-74.16235,1.66241
20060297,2006-04-05 10:00:00,-25.22559,-74.15012,1.65977
20060297,2006-04-05 11:00:00,-25.35745,-74.04435,1.56856
20060297,2006-04-05 12:00:00,-25.32297,-73.92716,1.52409
20060297,2006-04-05 13:00:00,-25.08218,-73.78607,1.50627
20060297,2006-04-05 14:00:00,-24.91305,-73.60268,1.49834
20060297,2006-04-05 15:00:00,-24.97705,-73.30265,1.48850
20060298,2006-04-03 02:00:00,9.18994,-14.77536,1.42603
20060298,2006-04-03 03:00:00,9.22550,-14.75607,1.42602
20060298,2006-04-03 04:00:00,9.14025,-14.83216,1.45948
20060298,2006-04-03 05:00:00,9.03033,-14.84698,1.48898
20060298,2006-04-03 06:00:00,9.13229,-14.82981,1.50470
20060298,2006-04-03 07:00:00,9.10722,-14.86013,1.54051
20060298,2006-04-03 08:00:00,8.95056,-14.77045,1.52044
20060298,2006-04-03 09:00:00,8.59602,-14.76886,1.44736
20060298,2006-04-03 10:00:00,8.29143,-14.43297,1.58572
20060298,2006-04-03 11:00:00,8.16589,-14.03525,1.51707
20060298,2006-04-03 12:00:00,7.99460,-13.70449,1.46809
20060298,2006-04-03 13:00:00,7.85694,-13.53816,1.42073
20060298,2006-04-03 14:00:00,7.69739,-13.35176,1.37728
20060298,2006-04-03 15:00:00,7.64655,-13.29858,1.33976
20060298,2006-04-03 16:00:00,7.72187,-13.21878,1.32022
20060298,2006-04-03 17:00:00,7.73017,-13.24739,1.28545
20060298,2006-04-03 18:00:00,7.75931,-13.30115,1.24792
20060298,2006-04-03 19:00:00,7.80318,-13.45327,1.22647
20060298,2006-04-03 20:00:00,7.77325,-13.57996,1.22171
20060298,2006-04-03 21:00:00,7.69179,-13.60351,1.22998
20060298,2006-04-03 22:00:00,7.49209,-13.64768,1.42386
20060298,2006-04-03 23:00:00,7.61801,-13.59855,1.39428
20060298,2006-04-04 00:00:00,7.70322,-13.56456,1.36867
20060298,2006-04-04 01:00:00,7.92308,-13.63026,1.35741
20060298,2006-04-04 02:00:00,8.20943,-13.57925,1.35562
20060298,2006-04-04 03:00:00,8.57432,-13.60841,1.37986
20060298,2006-04-04 04:00:00,8.63288,-13.62017,1.39639
20060298,2006-04-04 05:00:00,8.93712,-13.74418,1.44521
20060298,2006-04-04 06:00:00,8.91726,-13.64027,1.45158
20060298,2006-04-04 07:00:00,8.72391,-13.44966,1.45217
20060298,2006-04-04 08:00:00,8.32067,-13.16896,1.45795
20060298,2006-04-04 09:00:00,7.96810,-12.86738,1.42084
20060298,2006-04-04 10:00:00,7.59931,-12.52192,1.65581
20060298,2006-04-04 11:00:00,7.29684,-12.31736,1.70227
20060298,2006-04-04 12:00:00,6.91027,-12.30329,1.67086
20060298,2006-04-04 13:00:00,6.69009,-12.15878,1.65833
20060298,2006-04-04 14:00:00,6.50340,-11.78752,1.69579
20060298,2006-04-04 15:00:00,6.25446,-11.63298,1.68183
20060298,2006-04-04 16:00:00,6.04236,-11.42682,1.68804
20060298,2006-04-04 17:00:00,5.84432,-11.23411,1.68952
20060298,2006-04-04 18:00:00,5.69185,-11.05557,1.68412
20060298,2006-04-04 19:00:00,5.54837,-10.96215,1.69868
20060298,2006-04-04 20:00:00,5.35693,-11.00587,1.67385
20060298,2006-04-04 21:00:00,5.17838,-11.11878,1.64947
20060299,2006-04-03 07:00:00,2.40501,-26.53117,1.71383
20060299,2006-04-03 08:00:00,2.24320,-26.15836,1.60038
20060299,2006-04-03 09:00:00,1.75127,-25.23766,1.49960
20060299,2006-04-03 10:00:00,0.20746,-24.03881,1.61073
20060299,2006-04-03 11:00:00,-0.06442,-23.65248,1.57708
20060299,2006-04-03 12:00:00,-0.26715,-23.38297,1.60260
20060299,2006-04-03 13:00:00,-0.42551,-23.20948,1.58404
20060299,2006-04-03 14:00:00,-0.56491,-23.06706,1.57061
20060299,2006-04-03 15:00:00,-0.66571,-23.00055,1.54924
20060299,2006-04-03 16:00:00,-0.85077,-22.82809,1.50661
20060299,2006-04-03 17:00:00,-1.15445,-22.54307,1.50088
20060299,2006-04-03 18:00:00,-1.33350,-22.34174,1.51280
20060299,2006-04-03 19:00:00,-1.26526,-22.26549,1.51598
20060299,2006-04-03 20:00:00,-1.26410,-22.06109,1.54306
20060299,2006-04-03 21:00:00,-1.14908,-22.03472,1.54265
20060299,2006-04-03 22:00:00,-0.68390,-21.96497,1.44801
20060299,2006-04-03 23:00:00,-0.08801,-22.23635,1.44819
20060299,2006-04-04 00:00:00,-0.06400,-22.12719,1.47805
20060299,2006-04-04 01:00:00,-0.07312,-22.08698,1.51955
20060299,2006-04-04 02:00:00,-0.27191,-21.93004,1.52909
20060299,2006-04-04 03:00:00,-0.60034,-21.57602,1.54910
20060299,2006-04-04 04:00:00,-0.86203,-21.29104,1.59175
20060299,2006-04-04 05:00:00,-1.22095,-21.04244,1.58516
20060299,2006-04-04 06:00:00,-1.48972,-20.82594,1.60520
20060299,2006-04-04 07:00:00,-2.02612,-20.32976,1.69674
20060299,2006-04-04 08:00:00,-2.06473,-20.20994,1.75225
20060299,2006-04-04 09:00:00,-2.15906,-20.05856,1.77022
20060300,2006-04-03 18:00:00,-148.79652,-62.35011,2.52572
20060300,2006-04-03 19:00:00,-147.03508,-62.03305,2.59062
20060300,2006-04-03 20:00:00,-145.25616,-61.71001,2.69157
20060300,2006-04-03 21:00:00,-143.62047,-61.45110,2.71587
20060300,2006-04-03 22:00:00,-141.17386,-61.34049,2.75371
20060300,2006-04-03 23:00:00,-139.43190,-61.09135,2.77271
20060300,2006-04-04 00:00:00,-137.60190,-60.82004,2.73005
20060300,2006-04-04 01:00:00,-135.70805,-60.65510,2.79065
20060300,2006-04-04 02:00:00,-134.08861,-60.38861,2.94375
20060300,2006-04-04 03:00:00,-132.32219,-60.08669,3.02528
20060300,2006-04-04 04:00:00,-130.72374,-59.78793,3.16300
20060300,2006-04-04 05:00:00,-128.88020,-59.55292,3.22299
20060300,2006-04-04 06:00:00,-127.22878,-59.33367,3.21045
20060300,2006-04-04 07:00:00,-125.02801,-59.08196,3.24217
20060300,2006-04-04 08:00:00,-122.63919,-58.86731,3.23230
20060300,2006-04-04 09:00:00,-120.60594,-58.61546,3.23057
20060300,2006-04-04 10:00:00,-118.62944,-58.41875,3.30055
20060300,2006-04-04 11:00:00,-117.25713,-58.01074,3.36561
20060300,2006-04-04 12:00:00,-115.60020,-57.49156,3.44554
20060300,2006-04-04 13:00:00,-114.05405,-57.06243,3.56722
20060300,2006-04-04 14:00:00,-112.22405,-56.72409,3.58378
20060300,2006-04-04 15:00:00,-110.30512,-56.43652,3.72133
20060300,2006-04-04 16:00:00,-108.46266,-56.23701,3.99071
20060300,2006-04-04 17:00:00,-106.45500,-56.18518,4.14103
20060300,2006-04-04 18:00:00,-104.38672,-56.17466,4.32125
20060300,2006-04-04 19:00:00,-102.46359,-56.11144,4.54703
20060300,2006-04-04 20:00:00,-100.88272,-56.01133,4.70529
20060300,2006-04-04 21:00:00,-99.38925,-55.79888,4.88119
20060300,2006-04-04 22:00:00,-98.21167,-55.45590,4.93186
20060300,2006-04-04 23:00:00,-96.70563,-55.18766,5.27105
20060300,2006-04-05 00:00:00,-95.17206,-55.05363,5.41079
20060300,2006-04-05 01:00:00,-93.53220,-54.88833,5.57865
20060300,2006-04-05 02:00:00,-91.78140,-54.73289,5.81701
20060300,2006-04-05 03:00:00,-90.10245,-54.61417,6.03791
20060300,2006-04-05 04:00:00,-88.52307,-54.59518,6.10860
20060300,2006-04-05 05:00:00,-86.98212,-54.52018,6.38553
20060300,2006-04-05 06:00:00,-85.43878,-54.52768,6.81100
20060300,2006-04-05 07:00:00,-84.05444,-54.52059,7.05525
20060300,2006-04-05 08:00:00,-82.71930,-54.57221,7.16731
20060300,2006-04-05 09:00:00,-81.42075,-54.70795,7.22588
20060300,2006-04-05 10:00:00,-80.13516,-54.92547,6.60101
20060300,2006-04-05 11:00:00,-78.85382,-55.05490,6.45088
20060300,2006-04-05 12:00:00,-77.54178,-55.19076,6.46956
20060300,2006-04-05 13:00:00,-76.33756,-55.31507,6.32055
20060300,2006-04-05 14:00:00,-75.03296,-55.48484,6.30293
20060300,2006-04-05 15:00:00,-73.58243,-55.72208,6.50684
20060300,2006-04-05 16:00:00,-72.08478,-55.96397,6.61353
20060300,2006-04-05 17:00:00,-70.56186,-56.18711,6.77705
20060300,2006-04-05 18:00:00,-69.23038,-56.37169,6.87867
20060300,2006-04-05 19:00:00,-67.89255,-56.44812,6.88438
20060300,2006-04-05 20:00:00,-66.57669,-56.46508,6.87484
20060300,2006-04-05 21:00:00,-65.37372,-56.43858,6.84214
20060300,2006-04-05 22:00:00,-64.59378,-56.33415,6.59365
20060300,2006-04-05 23:00:00,-63.44110,-56.30092,6.71017
20060300,2006-04-06 00:00:00,-62.22363,-56.28365,6.82029
20060300,2006-04-06 01:00:00,-61.00977,-56.20595,6.99582
20060300,2006-04-06 02:00:00,-59.83575,-56.21069,7.22006
20060300,2006-04-06 03:00:00,-58.74881,-56.20505,7.38582
20060300,2006-04-06 04:00:00,-57.57388,-56.14951,7.45625
20060300,2006-04-06 05:00:00,-56.42914,-56.15133,7.46726
20060300,2006-04-06 06:00:00,-55.25876,-56.18223,7.47979
20060300,2006-04-06 07:00:00,-54.24689,-56.20461,7.49027
20060300,2006-04-06 08:00:00,-53.12128,-56.19515,7.50064
20060300,2006-04-06 09:00:00,-51.95865,-56.21943,7.47803
20060300,2006-04-06 10:00:00,-50.89777,-56.11087,7.39777
20060300,2006-04-06 11:00:00,-49.75873,-56.25477,7.48543
20060300,2006-04-06 12:00:00,-48.77493,-56.33810,7.60438
20060300,2006-04-06 13:00:00,-47.72586,-56.48894,7.52899
20060300,2006-04-06 14:00:00,-46.72632,-56.62100,7.35071
20060300,2006-04-06 15:00:00,-45.78455,-56.67319,7.15659
20060300,2006-04-06 16:00:00,-44.74310,-56.71691,6.94690
20060300,2006-04-06 17:00:00,-43.72296,-56.69066,6.69159
20060300,2006-04-06 18:00:00,-42.71567,-56.61018,6.46605
20060300,2006-04-06 19:00:00,-41.63394,-56.53030,6.23463
20060300,2006-04-06 20:00:00,-40.50598,-56.47329,6.04894
20060300,2006-04-06 21:00:00,-39.30078,-56.49973,5.82594
20060300,2006-04-06 22:00:00,-38.14572,-56.60006,5.64048
20060300,2006-04-06 23:00:00,-36.69800,-57.12385,5.41827
20060301,2006-04-04 00:00:00,-65.22739,-50.26042,3.44352
20060301,2006-04-04 01:00:00,-64.09994,-51.06720,3.93860
20060301,2006-04-04 02:00:00,-63.05090,-51.26235,4.48894
20060301,2006-04-04 03:00:00,-62.14243,-51.53369,4.93142
20060301,2006-04-04 04:00:00,-61.28235,-51.76834,5.26185
20060301,2006-04-04 05:00:00,-60.48669,-52.14060,5.45036
20060301,2006-04-04 06:00:00,-59.76697,-52.53144,5.54122
20060301,2006-04-04 07:00:00,-59.15500,-53.07462,5.60248
20060301,2006-04-04 08:00:00,-58.78546,-53.71652,5.64443
20060301,2006-04-04 09:00:00,-58.60742,-54.46921,5.67145
20060301,2006-04-04 10:00:00,-58.06690,-55.10814,6.12784
20060301,2006-04-04 11:00:00,-57.79904,-55.94389,6.46116
20060301,2006-04-04 12:00:00,-57.42807,-56.67932,6.79227
20060301,2006-04-04 13:00:00,-56.80020,-57.25851,7.08219
20060301,2006-04-04 14:00:00,-56.13461,-57.73900,7.28793
20060301,2006-04-04 15:00:00,-55.55521,-58.27759,7.42312
20060301,2006-04-04 16:00:00,-55.18628,-58.85600,7.46703
20060301,2006-04-04 17:00:00,-54.95291,-59.38589,7.44232
20060301,2006-04-04 18:00:00,-54.95578,-59.89482,7.52464
20060301,2006-04-04 19:00:00,-54.81342,-60.29961,7.55283
20060301,2006-04-04 20:00:00,-54.93051,-60.69607,7.69447
20060301,2006-04-04 21:00:00,-54.82925,-61.03690,7.62768
20060301,2006-04-04 22:00:00,-54.54334,-61.34875,7.64359
20060301,2006-04-04 23:00:00,-54.34811,-61.67835,7.61958
20060301,2006-04-05 00:00:00,-54.13403,-61.99311,7.75234
20060301,2006-04-05 01:00:00,-53.73355,-62.27623,7.65449
20060301,2006-04-05 02:00:00,-53.29193,-62.52031,7.52537
20060301,2006-04-05 03:00:00,-53.09323,-62.74287,7.26475
20060301,2006-04-05 04:00:00,-52.83731,-62.97371,7.16945
20060301,2006-04-05 05:00:00,-52.73651,-63.16957,7.05557
20060301,2006-04-05 06:00:00,-52.55817,-63.38657,6.98384
20060301,2006-04-05 07:00:00,-52.24887,-63.63866,7.01578
20060301,2006-04-05 08:00:00,-51.94693,-63.89819,7.02793
20060301,2006-04-05 09:00:00,-51.61166,-64.12221,6.89803
20060301,2006-04-05 10:00:00,-51.35312,-64.21838,6.36611
20060301,2006-04-05 11:00:00,-51.16531,-64.28273,6.16759
20060301,2006-04-05 12:00:00,-51.22522,-64.22380,5.98840
20060301,2006-04-05 13:00:00,-51.37473,-64.08179,5.94986
20060301,2006-04-05 14:00:00,-51.44418,-63.90384,5.99382
20060301,2006-04-05 15:00:00,-51.24039,-63.82046,6.04107
20060301,2006-04-05 16:00:00,-50.74268,-63.89177,6.09667
20060301,2006-04-05 17:00:00,-50.11124,-64.08115,6.10223
20060301,2006-04-05 18:00:00,-49.44943,-64.26562,6.03747
20060301,2006-04-05 19:00:00,-48.87256,-64.37378,5.87539
20060301,2006-04-05 20:00:00,-48.39761,-64.38549,5.74723
20060301,2006-04-05 21:00:00,-47.91507,-64.36825,5.58180
20060301,2006-04-05 22:00:00,-47.19559,-64.15234,5.28605
20060301,2006-04-05 23:00:00,-46.38916,-64.22829,5.16522
20060301,2006-04-06 00:00:00,-45.60394,-64.35233,5.06593
20060301,2006-04-06 01:00:00,-44.79037,-64.50903,4.94054
20060301,2006-04-06 02:00:00,-43.97095,-64.65611,4.72208
20060301,2006-04-06 03:00:00,-43.25241,-64.80444,4.48252
20060301,2006-04-06 04:00:00,-42.68555,-64.99159,4.34615
20060301,2006-04-06 05:00:00,-42.23984,-65.11219,4.22173
20060301,2006-04-06 06:00:00,-41.83060,-65.21119,4.08376
20060301,2006-04-06 07:00:00,-41.53265,-65.20591,3.96194
20060301,2006-04-06 08:00:00,-41.18076,-65.15457,3.83592
20060301,2006-04-06 09:00:00,-40.84161,-65.02089,3.70155
20060301,2006-04-06 10:00:00,-39.43906,-65.20665,3.45729
20060301,2006-04-06 11:00:00,-38.97406,-64.96440,3.24000
20060302,2006-04-04 00:00:00,-69.73880,-29.94239,1.65305
20060302,2006-04-04 01:00:00,-70.24719,-29.52574,1.61674
20060302,2006-04-04 02:00:00,-70.80670,-29.36596,1.49528
20060302,2006-04-04 03:00:00,-70.79614,-29.35811,1.39109
20060302,2006-04-04 04:00:00,-70.64920,-29.34656,1.29037
20060302,2006-04-04 05:00:00,-70.05606,-29.29048,1.28445
20060302,2006-04-04 06:00:00,-70.00470,-29.45236,1.31482
20060302,2006-04-04 07:00:00,-70.07712,-29.53247,1.30701
20060302,2006-04-04 08:00:00,-69.96326,-29.40374,1.29791
20060302,2006-04-04 09:00:00,-70.25479,-29.72772,1.32851
20060302,2006-04-04 10:00:00,-71.08127,-29.86082,1.36464
20060302,2006-04-04 11:00:00,-71.37714,-30.09122,1.37179
20060302,2006-04-04 12:00:00,-71.25351,-30.09415,1.40152
20060302,2006-04-04 13:00:00,-71.18317,-30.18108,1.43410
20060302,2006-04-04 14:00:00,-70.99539,-30.02489,1.44650
20060302,2006-04-04 15:00:00,-70.22275,-29.66069,1.51776
20060302,2006-04-04 16:00:00,-69.79373,-29.34989,1.66563
20060302,2006-04-04 17:00:00,-69.63934,-29.52188,1.78641
20060302,2006-04-04 18:00:00,-69.96579,-30.02689,1.82520
20060302,2006-04-04 19:00:00,-70.35217,-30.52092,1.85059
20060302,2006-04-04 20:00:00,-70.39355,-30.57178,1.95302
20060302,2006-04-04 21:00:00,-70.27127,-30.24667,2.10353
20060302,2006-04-04 22:00:00,-70.17017,-29.99046,2.22161
20060302,2006-04-04 23:00:00,-70.14609,-29.86735,2.34488
20060302,2006-04-05 00:00:00,-70.14813,-29.80053,2.43122
20060302,2006-04-05 01:00:00,-70.17554,-29.88730,2.48642
20060302,2006-04-05 02:00:00,-70.18262,-30.07031,2.51686
20060302,2006-04-05 03:00:00,-70.14062,-30.01605,2.52913
20060302,2006-04-05 04:00:00,-70.18704,-30.10523,2.50229
20060302,2006-04-05 05:00:00,-70.27185,-30.35964,2.47023
20060302,2006-04-05 06:00:00,-70.37033,-30.73736,2.42504
20060302,2006-04-05 07:00:00,-70.45450,-31.17379,2.39911
20060302,2006-04-05 08:00:00,-70.45807,-31.49164,2.34197
20060302,2006-04-05 09:00:00,-70.39813,-31.34666,2.29422
20060302,2006-04-05 10:00:00,-70.29462,-31.38349,2.17363
20060302,2006-04-05 11:00:00,-70.26181,-31.08352,2.13610
20060302,2006-04-05 12:00:00,-70.10406,-30.63732,2.14727
20060302,2006-04-05 13:00:00,-69.90179,-30.50337,2.19580
20060302,2006-04-05 14:00:00,-69.71335,-30.34409,2.22642
20060302,2006-04-05 15:00:00,-69.93512,-30.57774,2.19161
20060302,2006-04-05 16:00:00,-70.10495,-31.13786,2.20466
20060302,2006-04-05 17:00:00,-70.21426,-31.43807,2.19435
20060302,2006-04-05 18:00:00,-70.43600,-31.74257,2.08573
20060302,2006-04-05 19:00:00,-70.39651,-31.84574,2.02485
20060302,2006-04-05 20:00:00,-70.49548,-31.94623,1.88648
20060302,2006-04-05 21:00:00,-70.80441,-32.36634,1.76271
20060302,2006-04-05 22:00:00,-71.00488,-31.66627,1.67888
20060302,2006-04-05 23:00:00,-71.27057,-31.84535,1.67830
20060302,2006-04-06 00:00:00,-71.64123,-31.84793,1.67974
20060302,2006-04-06 01:00:00,-71.79489,-31.77482,1.70582
20060302,2006-04-06 02:00:00,-71.98242,-32.05492,1.69105
20060302,2006-04-06 03:00:00,-71.88043,-32.07534,1.65246
20060302,2006-04-06 04:00:00,-71.78565,-32.18857,1.59580
20060302,2006-04-06 05:00:00,-71.74512,-32.39201,1.55667
20060302,2006-04-06 06:00:00,-71.70316,-32.58103,1.55860
20060302,2006-04-06 07:00:00,-71.62085,-32.52412,1.55402
20060302,2006-04-06 08:00:00,-71.60474,-32.61645,1.60640
20060302,2006-04-06 09:00:00,-71.63260,-32.71452,1.67903
20060302,2006-04-06 10:00:00,-71.93924,-32.76433,1.69751
20060302,2006-04-06 11:00:00,-71.90949,-32.96828,1.76866
20060302,2006-04-06 12:00:00,-71.94061,-33.23714,1.82726
20060302,2006-04-06 13:00:00,-72.08453,-33.47600,1.82518
20060302,2006-04-06 14:00:00,-72.22134,-33.87118,1.81843
20060302,2006-04-06 15:00:00,-72.45163,-34.12142,1.79095
20060302,2006-04-06 16:00:00,-72.54108,-34.19216,1.77700
20060302,2006-04-06 17:00:00,-72.52734,-34.20032,1.77487
20060302,2006-04-06 18:00:00,-72.64069,-34.17148,1.75372
20060302,2006-04-06 19:00:00,-72.67795,-34.21713,1.83627
20060302,2006-04-06 20:00:00,-72.64496,-34.25475,1.82252
20060302,2006-04-06 21:00:00,-72.57571,-34.25621,1.91095
20060302,2006-04-06 22:00:00,-72.20648,-34.70488,2.21107
20060302,2006-04-06 23:00:00,-72.05017,-34.49057,2.39919
20060302,2006-04-07 00:00:00,-71.97339,-34.18709,2.53419
20060302,2006-04-07 01:00:00,-72.05133,-34.04300,2.61077
20060302,2006-04-07 02:00:00,-72.13678,-34.02989,2.61848
20060302,2006-04-07 03:00:00,-72.24860,-33.87582,2.54507
20060302,2006-04-07 04:00:00,-72.46201,-33.50493,2.44267
20060302,2006-04-07 05:00:00,-72.56631,-33.16864,2.33178
20060302,2006-04-07 06:00:00,-72.46567,-32.90551,2.18868
20060302,2006-04-07 07:00:00,-72.34576,-32.69482,2.08485
20060302,2006-04-07 08:00:00,-72.24387,-32.45621,1.99293
20060302,2006-04-07 09:00:00,-72.25568,-31.96595,1.92933
20060302,2006-04-07 10:00:00,-72.39938,-32.13798,1.80716
20060302,2006-04-07 11:00:00,-72.25629,-31.85513,1.87624
20060302,2006-04-07 12:00:00,-71.92993,-31.57117,1.85329
20060302,2006-04-07 13:00:00,-72.11722,-30.96617,1.88702
20060302,2006-04-07 14:00:00,-72.15244,-30.34948,1.93803
20060302,2006-04-07 15:00:00,-72.44742,-29.62716,1.94454
20060302,2006-04-07 16:00:00,-72.57788,-29.29747,1.99788
20060302,2006-04-07 17:00:00,-72.63876,-29.12579,2.01609
20060302,2006-04-07 18:00:00,-72.42584,-29.04047,2.08465
20060302,2006-04-07 19:00:00,-72.05667,-28.94782,2.20386
20060302,2006-04-07 20:00:00,-71.90521,-28.78672,2.30542
20060302,2006-04-07 21:00:00,-72.02564,-28.57138,2.37073
20060302,2006-04-07 22:00:00,-72.14294,-28.00329,2.49971
20060302,2006-04-07 23:00:00,-72.06796,-27.86211,2.55536
20060302,2006-04-08 00:00:00,-72.00177,-27.75577,2.51026
20060302,2006-04-08 01:00:00,-71.82898,-27.81426,2.40894
20060302,2006-04-08 02:00:00,-72.08395,-27.71157,2.20716
20060302,2006-04-08 03:00:00,-72.73624,-27.50224,2.06811
20060302,2006-04-08 04:00:00,-73.15475,-27.32189,1.97116
20060302,2006-04-08 05:00:00,-73.50726,-27.10670,1.90203
20060302,2006-04-08 06:00:00,-73.86685,-26.84632,1.84885
20060302,2006-04-08 07:00:00,-74.06100,-26.70989,1.83968
20060302,2006-04-08 08:00:00,-74.22635,-26.59201,1.82999
20060302,2006-04-08 09:00:00,-74.41473,-26.47595,1.81144
20060302,2006-04-08 10:00:00,-74.49139,-26.24462,1.87475
20060302,2006-04-08 11:00:00,-74.60358,-26.15324,1.84494
20060302,2006-04-08 12:00:00,-74.71829,-26.08349,1.80576
20060302,2006-04-08 13:00:00,-74.75565,-26.03320,1.78730
20060302,2006-04-08 14:00:00,-74.65619,-26.11111,1.74766
20060302,2006-04-08 15:00:00,-74.63605,-26.16669,1.69861
20060302,2006-04-08 16:00:00,-74.52164,-26.24487,1.64444
20060302,2006-04-08 17:00:00,-74.34723,-26.35121,1.65677
20060302,2006-04-08 18:00:00,-74.11881,-26.48910,1.65956
20060302,2006-04-08 19:00:00,-73.86877,-26.62721,1.70600
20060302,2006-04-08 20:00:00,-73.66437,-26.62115,1.79667
20060302,2006-04-08 21:00:00,-73.55392,-26.47915,1.86227
20060302,2006-04-08 22:00:00,-73.34183,-26.52125,1.98469
20060302,2006-04-08 23:00:00,-73.37295,-26.18974,1.96352
20060302,2006-04-09 00:00:00,-73.35812,-25.91150,1.91505
20060302,2006-04-09 01:00:00,-73.37470,-25.60882,1.79875
20060302,2006-04-09 02:00:00,-73.42642,-25.11781,1.66433
20060302,2006-04-09 03:00:00,-73.48068,-24.60081,1.56214
20060302,2006-04-09 04:00:00,-73.52597,-24.14381,1.48266
20060302,2006-04-09 05:00:00,-73.61871,-23.84710,1.43213
20060302,2006-04-09 06:00:00,-73.70425,-23.64601,1.39987
20060302,2006-04-09 07:00:00,-73.72302,-23.54824,1.36444
20060302,2006-04-09 08:00:00,-73.68533,-23.48889,1.34041
20060302,2006-04-09 09:00:00,-73.62756,-23.48259,1.31310
20060302,2006-04-09 10:00:00,-73.34033,-24.23466,1.38365
20060302,2006-04-09 11:00:00,-73.29581,-24.30568,1.43479
20060302,2006-04-09 12:00:00,-73.36374,-24.27702,1.41554
20060302,2006-04-09 13:00:00,-73.40564,-24.37634,1.42957
20060302,2006-04-09 14:00:00,-73.57919,-24.19978,1.38978
20060302,2006-04-09 15:00:00,-73.67346,-24.09493,1.34471
20060302,2006-04-09 16:00:00,-73.74435,-24.12856,1.23687
20060302,2006-04-09 17:00:00,-73.71432,-24.54507,1.13857
20060303,2006-04-04 01:00:00,-64.17438,-36.84144,1.23016
20060303,2006-04-04 02:00:00,-63.00418,-37.46650,1.29972
20060303,2006-04-04 03:00:00,-62.39227,-38.05268,1.52821
20060303,2006-04-04 04:00:00,-61.84067,-38.46717,1.78798
20060303,2006-04-04 05:00:00,-61.25388,-38.96697,2.16156
20060303,2006-04-04 06:00:00,-60.79935,-39.37866,2.46524
20060303,2006-04-04 07:00:00,-60.34586,-39.20765,2.71609
20060303,2006-04-04 08:00:00,-59.89185,-39.25331,2.96789
20060303,2006-04-04 09:00:00,-59.49381,-39.13598,3.10830
20060303,2006-04-04 10:00:00,-59.10327,-39.28055,3.01433
20060303,2006-04-04 11:00:00,-58.76251,-38.84353,2.98067
20060303,2006-04-04 12:00:00,-58.56900,-38.74670,2.95019
20060303,2006-04-04 13:00:00,-58.37506,-38.68452,2.88766
20060303,2006-04-04 14:00:00,-58.28290,-39.10518,2.82020
20060303,2006-04-04 15:00:00,-58.14179,-39.54304,2.73750
20060303,2006-04-04 16:00:00,-57.93979,-39.82148,2.67407
20060303,2006-04-04 17:00:00,-57.49206,-40.43702,2.70845
20060303,2006-04-04 18:00:00,-57.01489,-40.74408,2.63578
20060303,2006-04-04 19:00:00,-56.58688,-40.86738,2.60310
20060303,2006-04-04 20:00:00,-56.17612,-40.83709,2.58041
20060303,2006-04-04 21:00:00,-55.74448,-40.89071,2.52830
20060303,2006-04-04 22:00:00,-55.14374,-40.07536,2.36291
20060303,2006-04-04 23:00:00,-54.72147,-40.02896,2.33455
20060303,2006-04-05 00:00:00,-54.25653,-40.24568,2.34859
20060303,2006-04-05 01:00:00,-53.78751,-40.55518,2.35755
20060303,2006-04-05 02:00:00,-53.25818,-41.03092,2.43009
20060303,2006-04-05 03:00:00,-52.60367,-41.63648,2.58353
20060303,2006-04-05 04:00:00,-52.03870,-42.00079,2.61330
20060303,2006-04-05 05:00:00,-51.44000,-42.32948,2.78883
20060303,2006-04-05 06:00:00,-50.85922,-42.59219,2.93608
20060303,2006-04-05 07:00:00,-50.29147,-42.82589,3.20728
20060303,2006-04-05 08:00:00,-49.71216,-43.02777,3.34321
20060303,2006-04-05 09:00:00,-49.15042,-43.15587,3.34718
20060304,2006-04-04 02:00:00,-80.50568,-57.27389,3.94879
20060304,2006-04-04 03:00:00,-79.71848,-58.25390,3.90294
20060304,2006-04-04 04:00:00,-79.01547,-58.99300,3.91421
20060304,2006-04-04 05:00:00,-78.50690,-59.47551,3.89847
20060304,2006-04-04 06:00:00,-77.92484,-59.92350,3.83752
20060304,2006-04-04 07:00:00,-77.38644,-60.31188,3.71756
20060304,2006-04-04 08:00:00,-77.05563,-60.75077,3.63219
20060304,2006-04-04 09:00:00,-76.79523,-61.12124,3.53494
20060304,2006-04-04 10:00:00,-75.72656,-61.44969,3.56297
20060304,2006-04-04 11:00:00,-75.72379,-61.72123,3.57942
20060304,2006-04-04 12:00:00,-75.77283,-62.02671,3.53657
20060304,2006-04-04 13:00:00,-76.50171,-62.46836,3.50961
20060304,2006-04-04 14:00:00,-78.50845,-63.24474,3.51264
20060304,2006-04-04 15:00:00,-81.64661,-64.21268,3.53602
20060304,2006-04-04 16:00:00,-84.14297,-64.87112,3.61431
20060304,2006-04-04 17:00:00,-85.08951,-65.20306,3.72897
20060304,2006-04-04 18:00:00,-85.72479,-65.44386,3.83390
20060304,2006-04-04 19:00:00,-86.16812,-65.62848,3.93277
20060304,2006-04-04 20:00:00,-86.59720,-65.80228,4.03139
20060304,2006-04-04 21:00:00,-86.91107,-65.94070,4.13319
20060304,2006-04-04 22:00:00,-86.99939,-65.85889,4.09917
20060304,2006-04-04 23:00:00,-87.56500,-65.97837,4.20959
20060304,2006-04-05 00:00:00,-88.33841,-66.09980,4.29742
20060304,2006-04-05 01:00:00,-89.29587,-66.24909,4.38258
20060304,2006-04-05 02:00:00,-89.96167,-66.37982,4.49760
20060304,2006-04-05 03:00:00,-90.56757,-66.47848,4.56435
20060304,2006-04-05 04:00:00,-91.17020,-66.48701,4.50481
20060304,2006-04-05 05:00:00,-92.12329,-66.58802,4.49646
20060304,2006-04-05 06:00:00,-93.10596,-66.71346,4.49792
20060304,2006-04-05 07:00:00,-94.16943,-66.80920,4.43946
20060304,2006-04-05 08:00:00,-95.75693,-66.96852,4.40930
20060304,2006-04-05 09:00:00,-97.77869,-67.23562,4.42500
20060304,2006-04-05 10:00:00,-102.37711,-67.69480,4.41566
20060304,2006-04-05 11:00:00,-102.71460,-67.71713,4.47636
20060304,2006-04-05 12:00:00,-102.78799,-67.69388,4.53516
20060304,2006-04-05 13:00:00,-103.04852,-67.64690,4.62586
20060304,2006-04-05 14:00:00,-102.75790,-67.54127,4.68684
20060304,2006-04-05 15:00:00,-102.72647,-67.40694,4.71496
20060304,2006-04-05 16:00:00,-102.83896,-67.22403,4.72920
20060304,2006-04-05 17:00:00,-103.10873,-66.98236,4.71763
20060304,2006-04-05 18:00:00,-103.37598,-66.71497,4.70745
20060304,2006-04-05 19:00:00,-103.65521,-66.44637,4.73413
20060304,2006-04-05 20:00:00,-103.72626,-66.21373,4.76514
20060304,2006-04-05 21:00:00,-103.81693,-65.96198,4.81409
20060304,2006-04-05 22:00:00,-104.16536,-65.93047,4.60770
20060304,2006-04-05 23:00:00,-103.86398,-65.72453,4.57275
20060304,2006-04-06 00:00:00,-103.47623,-65.49868,4.57236
20060304,2006-04-06 01:00:00,-103.20383,-65.26995,4.52383
20060304,2006-04-06 02:00:00,-102.96951,-65.03600,4.46894
20060304,2006-04-06 03:00:00,-102.71591,-64.82138,4.37360
20060304,2006-04-06 04:00:00,-102.54804,-64.55596,4.26278
20060304,2006-04-06 05:00:00,-102.40851,-64.27137,4.15812
20060304,2006-04-06 06:00:00,-102.18808,-63.98956,4.08483
20060304,2006-04-06 07:00:00,-101.98737,-63.74357,4.01012
20060304,2006-04-06 08:00:00,-101.67279,-63.51275,3.97030
20060304,2006-04-06 09:00:00,-101.40472,-63.32159,3.92802
20060304,2006-04-06 10:00:00,-100.96249,-63.29672,3.86896
20060304,2006-04-06 11:00:00,-100.66635,-63.05099,3.80407
20060304,2006-04-06 12:00:00,-100.38821,-62.81996,3.69886
20060304,2006-04-06 13:00:00,-100.12750,-62.53395,3.56862
20060304,2006-04-06 14:00:00,-99.80371,-62.24503,3.47329
20060304,2006-04-06 15:00:00,-99.49106,-61.89503,3.39397
20060304,2006-04-06 16:00:00,-99.10577,-61.55539,3.34278
20060304,2006-04-06 17:00:00,-98.85245,-61.13864,3.35115
20060304,2006-04-06 18:00:00,-98.45877,-60.74465,3.39379
20060304,2006-04-06 19:00:00,-98.19269,-60.31450,3.45569
20060304,2006-04-06 20:00:00,-97.68167,-59.98141,3.48622
20060304,2006-04-06 21:00:00,-97.25595,-59.68342,3.56130
20060304,2006-04-06 22:00:00,-97.33765,-59.45017,3.66270
20060304,2006-04-06 23:00:00,-97.14008,-59.29159,3.64670
20060304,2006-04-07 00:00:00,-97.19190,-59.16055,3.58640
20060305,2006-04-04 08:00:00,-139.88985,-46.77663,2.89352
20060305,2006-04-04 09:00:00,-138.41394,-46.43671,3.04676
20060305,2006-04-04 10:00:00,-137.82883,-46.70837,3.42147
20060305,2006-04-04 11:00:00,-136.94357,-46.70667,3.65600
20060305,2006-04-04 12:00:00,-136.10178,-46.76392,3.78573
20060305,2006-04-04 13:00:00,-135.40277,-46.82760,3.86335
20060305,2006-04-04 14:00:00,-134.86780,-47.06039,3.90570
20060305,2006-04-04 15:00:00,-134.40508,-47.34697,3.96091
20060305,2006-04-04 16:00:00,-133.79306,-47.53378,4.00187
20060305,2006-04-04 17:00:00,-133.27066,-47.71456,4.03378
20060305,2006-04-04 18:00:00,-132.63910,-47.85619,4.10278
20060305,2006-04-04 19:00:00,-132.05519,-47.94406,4.06111
20060305,2006-04-04 20:00:00,-131.59328,-48.04392,4.10133
20060305,2006-04-04 21:00:00,-130.94347,-48.14485,4.19994
20060305,2006-04-04 22:00:00,-129.39416,-47.98432,4.22258
20060305,2006-04-04 23:00:00,-128.05891,-47.99720,4.22888
20060305,2006-04-05 00:00:00,-126.81583,-48.03212,4.22106
20060305,2006-04-05 01:00:00,-125.93358,-48.08124,4.31377
20060305,2006-04-05 02:00:00,-125.00769,-48.08149,4.31294
20060305,2006-04-05 03:00:00,-123.99458,-48.04529,4.13906
20060305,2006-04-05 04:00:00,-122.97876,-48.01037,4.00696
20060305,2006-04-05 05:00:00,-121.96670,-48.03357,4.00045
20060305,2006-04-05 06:00:00,-120.92171,-48.11099,3.90661
20060305,2006-04-05 07:00:00,-119.54245,-48.31137,3.79931
20060305,2006-04-05 08:00:00,-118.17079,-48.55160,3.70633
20060305,2006-04-05 09:00:00,-116.71118,-48.85764,3.78381
20060305,2006-04-05 10:00:00,-114.82529,-49.30810,3.68078
20060305,2006-04-05 11:00:00,-112.97684,-49.61426,3.96695
20060305,2006-04-05 12:00:00,-111.33856,-49.84505,4.29360
20060305,2006-04-05 13:00:00,-109.91806,-50.00637,4.61730
20060305,2006-04-05 14:00:00,-108.54450,-50.23980,4.88725
20060305,2006-04-05 15:00:00,-107.23917,-50.45686,5.10644
20060305,2006-04-05 16:00:00,-105.66196,-50.75495,5.45071
20060305,2006-04-05 17:00:00,-104.24652,-50.94173,5.76434
20060305,2006-04-05 18:00:00,-102.94583,-51.09220,6.02509
20060305,2006-04-05 19:00:00,-101.60904,-51.24400,6.24092
20060305,2006-04-05 20:00:00,-100.16953,-51.45472,6.48943
20060305,2006-04-05 21:00:00,-98.86743,-51.58880,6.62624
20060305,2006-04-05 22:00:00,-97.32156,-51.80604,6.88669
20060305,2006-04-05 23:00:00,-95.95068,-51.98600,6.95625
20060305,2006-04-06 00:00:00,-94.70020,-52.15789,7.11056
20060305,2006-04-06 01:00:00,-93.43433,-52.36185,7.22289
20060305,2006-04-06 02:00:00,-92.27307,-52.57653,7.31792
20060305,2006-04-06 03:00:00,-90.92227,-52.86960,7.58842
20060305,2006-04-06 04:00:00,-89.63590,-53.11602,7.72727
20060305,2006-04-06 05:00:00,-88.29666,-53.43786,8.04144
20060305,2006-04-06 06:00:00,-87.15961,-53.65428,8.13459
20060305,2006-04-06 07:00:00,-85.94840,-54.01792,8.70721
20060305,2006-04-06 08:00:00,-85.00946,-54.17834,8.54868
20060305,2006-04-06 09:00:00,-84.07999,-54.51527,8.90798
20060305,2006-04-06 10:00:00,-83.21435,-54.82305,8.84922
20060305,2006-04-06 11:00:00,-82.38486,-55.10455,8.50969
20060305,2006-04-06 12:00:00,-81.43100,-55.47879,8.81879
20060305,2006-04-06 13:00:00,-80.58481,-55.84282,8.79679
20060305,2006-04-06 14:00:00,-79.61920,-56.18583,9.02999
20060305,2006-04-06 15:00:00,-78.61594,-56.61840,9.31835
20060305,2006-04-06 16:00:00,-77.71924,-56.90438,9.31793
20060305,2006-04-06 17:00:00,-76.66122,-57.36899,9.74512
20060305,2006-04-06 18:00:00,-75.88440,-57.63650,9.65195
20060305,2006-04-06 19:00:00,-75.05762,-58.03582,10.12577
20060305,2006-04-06 20:00:00,-74.26599,-58.30831,10.18563
20060305,2006-04-06 21:00:00,-73.51041,-58.60763,10.47852
20060305,2006-04-06 22:00:00,-72.90726,-59.00822,10.49167
20060305,2006-04-06 23:00:00,-72.22613,-59.28507,10.75226
20060305,2006-04-07 00:00:00,-71.47922,-59.50455,10.84136
20060305,2006-04-07 01:00:00,-70.74139,-59.68190,10.87394
20060305,2006-04-07 02:00:00,-70.14426,-59.86746,10.73800
20060305,2006-04-07 03:00:00,-69.58377,-60.05148,10.61115
20060305,2006-04-07 04:00:00,-69.13092,-60.22932,10.43978
20060305,2006-04-07 05:00:00,-68.90787,-60.44053,10.21920
20060305,2006-04-07 06:00:00,-68.70236,-60.65589,9.92509
20060305,2006-04-07 07:00:00,-68.40826,-60.86573,9.49056
20060305,2006-04-07 08:00:00,-68.14960,-61.08330,9.16052
20060305,2006-04-07 09:00:00,-67.79514,-61.27809,8.82201
20060305,2006-04-07 10:00:00,-67.40155,-61.48344,8.30217
20060305,2006-04-07 11:00:00,-67.14215,-61.60848,7.99155
20060305,2006-04-07 12:00:00,-67.18289,-61.75993,7.62282
20060305,2006-04-07 13:00:00,-67.05402,-61.88493,7.40871
20060305,2006-04-07 14:00:00,-66.76877,-62.00331,7.17219
20060305,2006-04-07 15:00:00,-66.74088,-62.07777,7.05473
20060305,2006-04-07 16:00:00,-66.75754,-62.19402,6.86831
20060305,2006-04-07 17:00:00,-66.82752,-62.27885,6.56984
20060305,2006-04-07 18:00:00,-66.81937,-62.29349,6.39805
20060305,2006-04-07 19:00:00,-66.59781,-62.33421,6.13032
20060305,2006-04-07 20:00:00,-66.64746,-62.32921,5.73918
20060305,2006-04-07 21:00:00,-67.66095,-62.07142,5.53953
20060305,2006-04-07 22:00:00,-69.30545,-61.92157,5.71169
20060305,2006-04-07 23:00:00,-70.06296,-61.48233,5.68789
20060305,2006-04-08 00:00:00,-70.76645,-60.95668,5.61514
20060305,2006-04-08 01:00:00,-70.88504,-60.69585,5.62911
20060305,2006-04-08 02:00:00,-70.49731,-60.64764,5.70290
20060305,2006-04-08 03:00:00,-70.19443,-60.64044,5.69176
20060305,2006-04-08 04:00:00,-69.79984,-60.65069,5.64209
20060305,2006-04-08 05:00:00,-69.28705,-60.64256,5.60846
20060305,2006-04-08 06:00:00,-69.06757,-60.69397,5.47163
20060305,2006-04-08 07:00:00,-69.15460,-60.70742,5.35129
20060305,2006-04-08 08:00:00,-69.45547,-60.64031,5.28443
20060305,2006-04-08 09:00:00,-69.43744,-60.66831,5.27099
20060305,2006-04-08 10:00:00,-69.74765,-61.09966,5.11163
20060305,2006-04-08 11:00:00,-69.51627,-61.13886,5.06863
20060305,2006-04-08 12:00:00,-69.32556,-61.17218,5.00979
20060305,2006-04-08 13:00:00,-69.07224,-61.15909,4.92336
20060305,2006-04-08 14:00:00,-68.96332,-61.20587,4.79962
20060305,2006-04-08 15:00:00,-69.18292,-61.37201,4.64647
20060305,2006-04-08 16:00:00,-69.58963,-61.57497,4.52303
20060305,2006-04-08 17:00:00,-70.34518,-61.84446,4.43420
20060305,2006-04-08 18:00:00,-71.14475,-62.08678,4.30497
20060305,2006-04-08 19:00:00,-71.87347,-62.21609,4.23744
20060305,2006-04-08 20:00:00,-72.26752,-62.28945,4.20720
20060305,2006-04-08 21:00:00,-72.58884,-62.31414,4.16967
20060305,2006-04-08 22:00:00,-72.43887,-62.43772,4.09132
20060305,2006-04-08 23:00:00,-72.58365,-62.41425,4.06417
20060305,2006-04-09 00:00:00,-72.75980,-62.39864,4.08574
20060305,2006-04-09 01:00:00,-72.84131,-62.34705,4.16749
20060305,2006-04-09 02:00:00,-72.83267,-62.30524,4.18560
20060305,2006-04-09 03:00:00,-72.83942,-62.29953,4.20665
20060305,2006-04-09 04:00:00,-72.81576,-62.30614,4.18891
20060305,2006-04-09 05:00:00,-72.78198,-62.32192,4.16173
20060305,2006-04-09 06:00:00,-72.66305,-62.33431,4.11998
20060305,2006-04-09 07:00:00,-72.49362,-62.35035,4.07663
20060305,2006-04-09 08:00:00,-72.23962,-62.32107,4.00859
20060305,2006-04-09 09:00:00,-71.96655,-62.29937,3.95485
20060305,2006-04-09 10:00:00,-71.61377,-62.26781,3.93828
20060305,2006-04-09 11:00:00,-71.25696,-62.23553,3.90758
20060305,2006-04-09 12:00:00,-70.89877,-62.18613,3.87170
20060305,2006-04-09 13:00:00,-70.64710,-62.15588,3.81066
20060305,2006-04-09 14:00:00,-70.43359,-62.11198,3.70995
20060305,2006-04-09 15:00:00,-70.25070,-62.08755,3.58901
20060305,2006-04-09 16:00:00,-70.08090,-62.10694,3.45833
20060305,2006-04-09 17:00:00,-69.83002,-62.10037,3.34778
20060305,2006-04-09 18:00:00,-69.52515,-62.10544,3.25105
20060305,2006-04-09 19:00:00,-69.18307,-62.08151,3.17183
20060305,2006-04-09 20:00:00,-68.77716,-62.03265,3.11465
20060305,2006-04-09 21:00:00,-68.35055,-62.00809,3.07877
20060305,2006-04-09 22:00:00,-68.11368,-62.03679,3.10053
20060305,2006-04-09 23:00:00,-67.68658,-62.04143,3.05163
20060305,2006-04-10 00:00:00,-67.19196,-62.05626,3.00107
20060305,2006-04-10 01:00:00,-66.76529,-62.08874,2.89464
20060305,2006-04-10 02:00:00,-66.27747,-62.12067,2.75904
20060305,2006-04-10 03:00:00,-65.60739,-62.11995,2.59588
20060305,2006-04-10 04:00:00,-65.10315,-62.12236,2.42788
20060305,2006-04-10 05:00:00,-64.48422,-62.11710,2.28899
20060305,2006-04-10 06:00:00,-63.83734,-62.14883,2.13987
20060305,2006-04-10 07:00:00,-63.25717,-62.18024,2.01048
20060305,2006-04-10 08:00:00,-62.58484,-62.20141,1.86504
20060305,2006-04-10 09:00:00,-61.61716,-62.20547,1.72479
20060305,2006-04-10 10:00:00,-60.74960,-62.26658,1.55982
20060305,2006-04-10 11:00:00,-59.66379,-62.21392,1.33038
20060305,2006-04-10 12:00:00,-58.56461,-62.24385,1.16419
20060306,2006-04-04 22:00:00,-28.69617,-25.96716,3.14164
20060306,2006-04-04 23:00:00,-27.81091,-26.26015,3.19412
20060306,2006-04-05 00:00:00,-27.54196,-26.33271,3.20863
20060306,2006-04-05 01:00:00,-27.37643,-26.40261,3.28795
20060306,2006-04-05 02:00:00,-27.08688,-26.47501,3.28540
20060306,2006-04-05 03:00:00,-26.78613,-26.56503,3.37392
20060306,2006-04-05 04:00:00,-26.79993,-26.60720,3.38851
20060306,2006-04-05 05:00:00,-26.43021,-26.75929,3.45344
20060306,2006-04-05 06:00:00,-26.00650,-26.88133,3.60333
20060306,2006-04-05 07:00:00,-25.72650,-26.95460,3.68750
20060306,2006-04-05 08:00:00,-25.40830,-27.02295,3.80986
20060306,2006-04-05 09:00:00,-25.17548,-27.04828,3.84229
20060306,2006-04-05 10:00:00,-25.61499,-26.66642,4.15568
20060306,2006-04-05 11:00:00,-25.50720,-26.68155,4.23818
20060306,2006-04-05 12:00:00,-25.54987,-26.60686,4.21921
20060306,2006-04-05 13:00:00,-25.48895,-26.60114,4.14330
20060306,2006-04-05 14:00:00,-25.29483,-26.63732,4.12087
20060306,2006-04-05 15:00:00,-25.21314,-26.61306,4.17389
20060306,2006-04-05 16:00:00,-24.98077,-26.68024,4.22599
20060306,2006-04-05 17:00:00,-24.89706,-26.76116,4.23050
20060306,2006-04-05 18:00:00,-24.95633,-26.75414,4.16232
20060306,2006-04-05 19:00:00,-24.98224,-26.75249,4.15188
20060306,2006-04-05 20:00:00,-25.09445,-26.82767,3.98519
20060306,2006-04-05 21:00:00,-25.09827,-26.90802,4.04185
20060306,2006-04-05 22:00:00,-24.98883,-27.12888,4.33480
20060306,2006-04-05 23:00:00,-25.01724,-27.28992,4.33270
20060306,2006-04-06 00:00:00,-25.23615,-27.37776,4.36342
20060306,2006-04-06 01:00:00,-25.29868,-27.49914,4.42979
20060306,2006-04-06 02:00:00,-25.48746,-27.57378,4.36887
20060306,2006-04-06 03:00:00,-25.47644,-27.68218,4.33286
20060306,2006-04-06 04:00:00,-25.37598,-27.83218,4.39479
20060306,2006-04-06 05:00:00,-25.31293,-28.01529,4.40238
20060306,2006-04-06 06:00:00,-25.25696,-28.13801,4.41376
20060306,2006-04-06 07:00:00,-25.27054,-28.18652,4.43677
20060306,2006-04-06 08:00:00,-25.24548,-28.30916,4.32622
20060306,2006-04-06 09:00:00,-25.29059,-28.32652,4.32857
20060306,2006-04-06 10:00:00,-25.09720,-28.61187,4.33787
20060306,2006-04-06 11:00:00,-25.18707,-28.77581,4.45700
20060306,2006-04-06 12:00:00,-25.34451,-28.92493,4.45476
20060306,2006-04-06 13:00:00,-25.43484,-29.10613,4.55645
20060306,2006-04-06 14:00:00,-25.44833,-29.28887,4.66037
20060306,2006-04-06 15:00:00,-25.43237,-29.52925,4.79920
20060306,2006-04-06 16:00:00,-25.43121,-29.69314,4.89717
20060306,2006-04-06 17:00:00,-25.35715,-29.96010,5.10871
20060306,2006-04-06 18:00:00,-25.31754,-30.14962,5.19720
20060306,2006-04-06 19:00:00,-25.29498,-30.32595,5.26516
20060306,2006-04-06 20:00:00,-25.32736,-30.42467,5.30478
20060306,2006-04-06 21:00:00,-25.23755,-30.61821,5.39580
20060306,2006-04-06 22:00:00,-24.87833,-31.06803,5.08478
20060306,2006-04-06 23:00:00,-24.94571,-31.20853,5.10857
20060306,2006-04-07 00:00:00,-24.97797,-31.46031,5.33863
20060306,2006-04-07 01:00:00,-25.02451,-31.63860,5.40795
20060306,2006-04-07 02:00:00,-24.99777,-31.78969,5.48780
20060306,2006-04-07 03:00:00,-25.03497,-31.99348,5.60817
20060306,2006-04-07 04:00:00,-24.98889,-32.18049,5.66400
20060306,2006-04-07 05:00:00,-24.92014,-32.41924,5.75600
20060306,2006-04-07 06:00:00,-24.83612,-32.65877,5.78977
20060306,2006-04-07 07:00:00,-24.80801,-32.80498,5.73996
20060306,2006-04-07 08:00:00,-24.72205,-32.98052,5.83882
20060306,2006-04-07 09:00:00,-24.68271,-33.12571,5.85267
20060306,2006-04-07 10:00:00,-24.48392,-33.57287,5.35532
20060306,2006-04-07 11:00:00,-24.45157,-33.76323,5.29249
20060306,2006-04-07 12:00:00,-24.40555,-33.99128,5.22574
20060306,2006-04-07 13:00:00,-24.35663,-34.19107,5.18256
20060306,2006-04-07 14:00:00,-24.29053,-34.37086,5.17067
20060306,2006-04-07 15:00:00,-24.25574,-34.50703,5.10848
20060306,2006-04-07 16:00:00,-24.08405,-34.68929,5.10276
20060306,2006-04-07 17:00:00,-23.97104,-34.84577,5.07740
20060306,2006-04-07 18:00:00,-23.88928,-34.94606,5.04250
20060306,2006-04-07 19:00:00,-23.76355,-35.08753,5.05669
20060306,2006-04-07 20:00:00,-23.63644,-35.20549,5.07153
20060306,2006-04-07 21:00:00,-23.60818,-35.29091,5.10046
20060306,2006-04-07 22:00:00,-23.21155,-35.53335,5.17518
20060306,2006-04-07 23:00:00,-23.22372,-35.52893,5.14927
20060306,2006-04-08 00:00:00,-23.17511,-35.66128,5.15363
20060306,2006-04-08 01:00:00,-23.15494,-35.72126,5.15626
20060306,2006-04-08 02:00:00,-23.17377,-35.76222,5.13181
20060306,2006-04-08 03:00:00,-23.18353,-35.80718,5.11963
20060306,2006-04-08 04:00:00,-23.20932,-35.85275,5.04368
20060306,2006-04-08 05:00:00,-23.25232,-35.92130,4.97474
20060306,2006-04-08 06:00:00,-23.32349,-35.97590,4.94108
20060306,2006-04-08 07:00:00,-23.40921,-36.01984,4.95552
20060306,2006-04-08 08:00:00,-23.48074,-36.08030,4.98524
20060306,2006-04-08 09:00:00,-23.54135,-36.10865,4.98868
20060306,2006-04-08 10:00:00,-23.21606,-36.20607,4.98257
20060306,2006-04-08 11:00:00,-23.23660,-36.29284,4.94137
20060306,2006-04-08 12:00:00,-23.27756,-36.41944,4.90058
20060306,2006-04-08 13:00:00,-23.31104,-36.61433,4.85049
20060306,2006-04-08 14:00:00,-23.35391,-36.81936,4.82549
20060306,2006-04-08 15:00:00,-23.37421,-36.99757,4.81128
20060306,2006-04-08 16:00:00,-23.37106,-37.16185,4.85766
20060306,2006-04-08 17:00:00,-23.35831,-37.29620,4.88578
20060306,2006-04-08 18:00:00,-23.33035,-37.38433,4.90000
20060306,2006-04-08 19:00:00,-23.30463,-37.43908,4.86614
20060306,2006-04-08 20:00:00,-23.25909,-37.50763,4.84678
20060306,2006-04-08 21:00:00,-23.18982,-37.59370,4.81219
20060306,2006-04-08 22:00:00,-22.88553,-37.93970,4.76060
20060306,2006-04-08 23:00:00,-22.84961,-38.03880,4.64115
20060306,2006-04-09 00:00:00,-22.82330,-38.13428,4.53519
20060306,2006-04-09 01:00:00,-22.79804,-38.22253,4.48437
20060306,2006-04-09 02:00:00,-22.74475,-38.30493,4.41590
20060306,2006-04-09 03:00:00,-22.69000,-38.34620,4.35419
20060306,2006-04-09 04:00:00,-22.62363,-38.38708,4.31252
20060306,2006-04-09 05:00:00,-22.51575,-38.42877,4.23449
20060306,2006-04-09 06:00:00,-22.38571,-38.51168,4.13159
20060306,2006-04-09 07:00:00,-22.24823,-38.59655,4.06446
20060306,2006-04-09 08:00:00,-22.09638,-38.67315,4.01352
20060306,2006-04-09 09:00:00,-21.98151,-38.72493,4.01418
20060306,2006-04-09 10:00:00,-21.69629,-38.93115,4.01920
20060306,2006-04-09 11:00:00,-21.60941,-38.96375,4.00664
20060306,2006-04-09 12:00:00,-21.54465,-38.97783,3.96120
20060306,2006-04-09 13:00:00,-21.48734,-38.96747,3.91061
20060306,2006-04-09 14:00:00,-21.45490,-38.92227,3.83327
20060306,2006-04-09 15:00:00,-21.40503,-38.83627,3.75821
20060306,2006-04-09 16:00:00,-21.31335,-38.78263,3.72236
20060306,2006-04-09 17:00:00,-21.17349,-38.73787,3.67649
20060306,2006-04-09 18:00:00,-20.99365,-38.75526,3.63276
20060306,2006-04-09 19:00:00,-20.77081,-38.79186,3.62809
20060306,2006-04-09 20:00:00,-20.52890,-38.85331,3.60778
20060306,2006-04-09 21:00:00,-20.29559,-38.88058,3.60596
20060306,2006-04-09 22:00:00,-19.95413,-38.67777,3.55584
20060306,2006-04-09 23:00:00,-19.71725,-38.59978,3.60970
20060306,2006-04-10 00:00:00,-19.47174,-38.57120,3.66454
20060306,2006-04-10 01:00:00,-19.23773,-38.54369,3.73114
20060306,2006-04-10 02:00:00,-18.99313,-38.50534,3.74592
20060306,2006-04-10 03:00:00,-18.75388,-38.49803,3.72021
20060306,2006-04-10 04:00:00,-18.53876,-38.52037,3.61039
20060306,2006-04-10 05:00:00,-18.32196,-38.52346,3.49162
20060306,2006-04-10 06:00:00,-18.09170,-38.51706,3.38522
20060306,2006-04-10 07:00:00,-17.84818,-38.51455,3.23131
20060306,2006-04-10 08:00:00,-17.54913,-38.56068,3.16590
20060306,2006-04-10 09:00:00,-17.24741,-38.60581,3.08303
20060306,2006-04-10 10:00:00,-16.88574,-38.70487,3.09091
20060306,2006-04-10 11:00:00,-16.46155,-38.82612,3.07038
20060306,2006-04-10 12:00:00,-16.05991,-38.88042,3.09754
20060306,2006-04-10 13:00:00,-15.65320,-38.95091,3.08327
20060306,2006-04-10 14:00:00,-15.24017,-39.05405,3.07967
20060306,2006-04-10 15:00:00,-14.77445,-39.16726,3.06614
20060306,2006-04-10 16:00:00,-14.33581,-39.29603,3.03032
20060306,2006-04-10 17:00:00,-13.88626,-39.44213,3.00358
20060306,2006-04-10 18:00:00,-13.42956,-39.64776,2.99721
20060306,2006-04-10 19:00:00,-12.96527,-39.83452,2.93850
20060306,2006-04-10 20:00:00,-12.56100,-39.88891,2.82719
20060306,2006-04-10 21:00:00,-12.14700,-39.99506,2.72910
20060306,2006-04-10 22:00:00,-11.57684,-39.92131,2.66455
20060306,2006-04-10 23:00:00,-11.06601,-40.14586,2.54822
20060306,2006-04-11 00:00:00,-10.57639,-40.36067,2.41376
20060306,2006-04-11 01:00:00,-10.06802,-40.56560,2.34878
20060306,2006-04-11 02:00:00,-9.44800,-40.81034,2.24342
20060306,2006-04-11 03:00:00,-8.84686,-41.00104,2.11176
20060306,2006-04-11 04:00:00,-8.19946,-41.21702,2.01801
20060306,2006-04-11 05:00:00,-7.47501,-41.45392,1.93798
20060306,2006-04-11 06:00:00,-6.48187,-41.99827,1.82108
20060306,2006-04-11 07:00:00,-5.69937,-42.27972,1.77276
20060306,2006-04-11 08:00:00,-6.43982,-40.98877,1.75263
20060306,2006-04-11 09:00:00,-6.73929,-40.27148,1.74449
20060306,2006-04-11 10:00:00,-5.48218,-40.18432,1.94485
20060306,2006-04-11 11:00:00,-5.15866,-40.04063,1.94756
20060306,2006-04-11 12:00:00,-4.85703,-39.90780,1.94196
20060306,2006-04-11 13:00:00,-4.53384,-39.83633,1.84118
20060306,2006-04-11 14:00:00,-4.27179,-39.74204,1.66918
20060306,2006-04-11 15:00:00,-3.94971,-39.69567,1.51559
20060306,2006-04-11 16:00:00,-3.44470,-39.73410,1.36894
20060306,2006-04-11 17:00:00,-2.97903,-39.76325,1.22386
20060307,2006-04-05 06:00:00,17.06478,-62.43796,3.47848
20060307,2006-04-05 07:00:00,18.24742,-62.85116,3.60816
20060307,2006-04-05 08:00:00,19.18334,-63.22158,3.77512
20060307,2006-04-05 09:00:00,20.11176,-63.59237,3.99335
20060307,2006-04-05 10:00:00,20.29755,-63.73917,4.33535
20060307,2006-04-05 11:00:00,21.28900,-64.10480,4.50814
20060307,2006-04-05 12:00:00,22.15090,-64.37557,4.69618
20060307,2006-04-05 13:00:00,23.04618,-64.56171,4.85923
20060307,2006-04-05 14:00:00,23.89204,-64.71381,5.03202
20060307,2006-04-05 15:00:00,24.63729,-64.86509,5.17275
20060307,2006-04-05 16:00:00,25.32544,-65.02745,5.27411
20060307,2006-04-05 17:00:00,25.85182,-65.17031,5.35721
20060307,2006-04-05 18:00:00,26.27900,-65.32461,5.39662
20060307,2006-04-05 19:00:00,26.65003,-65.49637,5.52269
20060307,2006-04-05 20:00:00,27.00338,-65.65486,5.73391
20060307,2006-04-05 21:00:00,27.26452,-65.77863,5.87855
20060307,2006-04-05 22:00:00,27.85970,-65.97176,6.09265
20060307,2006-04-05 23:00:00,28.11151,-66.11151,6.13652
20060307,2006-04-06 00:00:00,28.35395,-66.23465,6.25115
20060307,2006-04-06 01:00:00,28.44527,-66.32948,6.29368
20060307,2006-04-06 02:00:00,28.43153,-66.37400,6.20318
20060307,2006-04-06 03:00:00,28.42440,-66.45779,6.20335
20060307,2006-04-06 04:00:00,28.57851,-66.56314,6.29905
20060307,2006-04-06 05:00:00,28.80706,-66.67206,6.36560
20060307,2006-04-06 06:00:00,29.07625,-66.76640,6.37096
20060307,2006-04-06 07:00:00,29.30813,-66.87221,6.35440
20060307,2006-04-06 08:00:00,29.44797,-66.98096,6.30867
20060307,2006-04-06 09:00:00,29.52395,-67.11126,6.29068
20060307,2006-04-06 10:00:00,29.35587,-67.41238,6.55083
20060307,2006-04-06 11:00:00,29.37671,-67.53490,6.55154
20060307,2006-04-06 12:00:00,29.29893,-67.64068,6.46822
20060307,2006-04-06 13:00:00,29.23947,-67.74180,6.37370
20060307,2006-04-06 14:00:00,29.18290,-67.85327,6.34057
20060307,2006-04-06 15:00:00,29.14773,-67.95298,6.33868
20060307,2006-04-06 16:00:00,29.09219,-68.02431,6.33194
20060307,2006-04-06 17:00:00,29.05329,-68.07015,6.27041
20060307,2006-04-06 18:00:00,29.03295,-68.13279,6.18521
20060307,2006-04-06 19:00:00,29.02007,-68.19480,6.13924
20060307,2006-04-06 20:00:00,29.02771,-68.24792,6.05301
20060307,2006-04-06 21:00:00,29.09545,-68.26521,5.92454
20060307,2006-04-06 22:00:00,29.03183,-68.35417,5.81608
20060307,2006-04-06 23:00:00,29.02673,-68.36240,5.66887
20060307,2006-04-07 00:00:00,29.00596,-68.36539,5.55205
20060307,2006-04-07 01:00:00,29.03905,-68.32779,5.43169
20060307,2006-04-07 02:00:00,29.06403,-68.29724,5.28820
20060307,2006-04-07 03:00:00,29.13164,-68.25186,5.11228
20060307,2006-04-07 04:00:00,29.32396,-68.19071,4.89538
20060307,2006-04-07 05:00:00,29.60054,-68.12030,4.68148
20060307,2006-04-07 06:00:00,29.93640,-68.03210,4.49134
20060307,2006-04-07 07:00:00,30.28163,-67.95184,4.30855
20060307,2006-04-07 08:00:00,30.60135,-67.89475,4.16655
20060307,2006-04-07 09:00:00,30.79763,-67.85823,4.04150
20060307,2006-04-07 10:00:00,31.24085,-67.77495,4.17449
20060307,2006-04-07 11:00:00,31.26183,-67.76794,4.02442
20060307,2006-04-07 12:00:00,31.14654,-67.76961,3.91820
20060307,2006-04-07 13:00:00,31.10305,-67.72781,3.79546
20060307,2006-04-07 14:00:00,31.00229,-67.67641,3.70657
20060307,2006-04-07 15:00:00,30.91815,-67.62722,3.60489
20060307,2006-04-07 16:00:00,30.77640,-67.60144,3.54646
20060307,2006-04-07 17:00:00,30.64098,-67.56680,3.44936
20060307,2006-04-07 18:00:00,30.47678,-67.55015,3.32556
20060307,2006-04-07 19:00:00,30.06783,-67.55222,3.23486
20060307,2006-04-07 20:00:00,29.87117,-67.54127,3.17095
20060307,2006-04-07 21:00:00,29.89413,-67.51502,3.09616
20060307,2006-04-07 22:00:00,30.28398,-67.55332,3.03575
20060307,2006-04-07 23:00:00,30.29793,-67.55527,2.94191
20060307,2006-04-08 00:00:00,30.21955,-67.57243,2.81551
20060307,2006-04-08 01:00:00,30.10238,-67.58923,2.71265
20060307,2006-04-08 02:00:00,30.03344,-67.61675,2.59019
20060307,2006-04-08 03:00:00,29.97966,-67.65393,2.44613
20060307,2006-04-08 04:00:00,29.96694,-67.69978,2.29836
20060307,2006-04-08 05:00:00,30.10359,-67.74616,2.18516
20060307,2006-04-08 06:00:00,30.34027,-67.80370,2.06285
20060308,2006-04-05 10:00:00,-4.14359,-34.90206,1.09381
20060308,2006-04-05 11:00:00,-2.54755,-35.65828,1.15736
20060308,2006-04-05 12:00:00,-1.63242,-35.77259,1.26371
20060308,2006-04-05 13:00:00,-0.81891,-35.81585,1.34929
20060308,2006-04-05 14:00:00,-0.04224,-35.92589,1.36600
20060308,2006-04-05 15:00:00,1.04324,-36.22986,1.44349
20060308,2006-04-05 16:00:00,1.97993,-36.19072,1.53468
20060308,2006-04-05 17:00:00,2.87340,-36.16802,1.63379
20060308,2006-04-05 18:00:00,3.35602,-36.11566,1.67302
20060308,2006-04-05 19:00:00,4.61679,-36.62142,1.67747
20060308,2006-04-05 20:00:00,5.46265,-36.36188,1.88496
20060308,2006-04-05 21:00:00,6.22469,-36.40007,1.85057
20060308,2006-04-05 22:00:00,6.25518,-37.31250,2.12445
20060308,2006-04-05 23:00:00,7.35849,-37.15984,2.34401
20060308,2006-04-06 00:00:00,8.40785,-37.35715,2.31349
20060308,2006-04-06 01:00:00,9.35951,-37.65374,2.25341
20060308,2006-04-06 02:00:00,10.81592,-37.92296,2.54180
20060308,2006-04-06 03:00:00,12.44168,-38.25411,2.65359
20060308,2006-04-06 04:00:00,13.30468,-38.33647,2.73287
20060308,2006-04-06 05:00:00,14.24141,-38.57621,2.91119
20060308,2006-04-06 06:00:00,15.08147,-38.83638,3.15377
20060308,2006-04-06 07:00:00,15.73775,-39.08223,3.43904
20060308,2006-04-06 08:00:00,16.39669,-39.24412,3.49520
20060308,2006-04-06 09:00:00,17.06018,-39.52375,3.55738
20060308,2006-04-06 10:00:00,17.90839,-40.04793,3.67651
20060308,2006-04-06 11:00:00,18.75290,-40.46550,3.89096
20060308,2006-04-06 12:00:00,19.52595,-40.84782,4.03518
20060308,2006-04-06 13:00:00,20.06859,-40.94423,3.92765
20060308,2006-04-06 14:00:00,20.79456,-41.25677,3.96904
20060308,2006-04-06 15:00:00,21.45728,-41.63071,4.04511
20060308,2006-04-06 16:00:00,22.15157,-42.02700,3.91564
20060308,2006-04-06 17:00:00,22.77708,-42.35506,3.93326
20060308,2006-04-06 18:00:00,23.44158,-42.70344,3.81883
20060308,2006-04-06 19:00:00,24.19688,-43.09339,3.71648
20060308,2006-04-06 20:00:00,24.89559,-43.54192,3.69503
20060308,2006-04-06 21:00:00,25.52815,-43.95084,3.65349
20060308,2006-04-06 22:00:00,26.86003,-45.60206,3.65424
20060308,2006-04-06 23:00:00,27.51274,-46.23923,3.70503
20060308,2006-04-07 00:00:00,28.14895,-46.80235,3.68157
20060308,2006-04-07 01:00:00,28.89032,-47.52517,3.71977
20060308,2006-04-07 02:00:00,29.63159,-48.07436,3.79830
20060308,2006-04-07 03:00:00,30.40627,-48.51173,3.94576
20060308,2006-04-07 04:00:00,31.13063,-48.86591,4.03844
20060308,2006-04-07 05:00:00,31.84679,-49.21318,4.15578
20060308,2006-04-07 06:00:00,32.68336,-49.56667,4.32706
20060308,2006-04-07 07:00:00,33.35707,-49.80430,4.41300
20060308,2006-04-07 08:00:00,34.09330,-50.06022,4.53799
20060308,2006-04-07 09:00:00,34.82172,-50.31490,4.64808
20060308,2006-04-07 10:00:00,36.22536,-50.40272,4.81982
20060308,2006-04-07 11:00:00,37.07156,-50.65301,4.83535
20060308,2006-04-07 12:00:00,37.85782,-50.84164,4.88683
20060308,2006-04-07 13:00:00,38.69780,-51.16224,4.99487
20060308,2006-04-07 14:00:00,39.51467,-51.44096,5.08099
20060308,2006-04-07 15:00:00,40.42453,-51.75699,5.19502
20060308,2006-04-07 16:00:00,41.49645,-52.14037,5.30100
20060308,2006-04-07 17:00:00,42.70766,-52.55812,5.34137
20060308,2006-04-07 18:00:00,44.13619,-53.02817,5.43482
20060308,2006-04-07 19:00:00,45.50578,-53.43362,5.54792
20060308,2006-04-07 20:00:00,46.90665,-53.78249,5.69182
20060308,2006-04-07 21:00:00,48.29321,-54.09610,5.86035
20060308,2006-04-07 22:00:00,50.37486,-54.52683,6.39119
20060308,2006-04-07 23:00:00,52.12772,-54.95661,6.71363
20060308,2006-04-08 00:00:00,53.74309,-55.32262,7.15543
20060308,2006-04-08 01:00:00,55.19890,-55.64418,7.56105
20060308,2006-04-08 02:00:00,56.62775,-55.89567,7.90876
20060308,2006-04-08 03:00:00,58.01164,-56.08112,8.22518
20060308,2006-04-08 04:00:00,59.44755,-56.22574,8.51205
20060308,2006-04-08 05:00:00,60.90512,-56.31866,8.74099
20060308,2006-04-08 06:00:00,62.40922,-56.37135,8.95308
20060308,2006-04-08 07:00:00,63.86927,-56.41562,9.15823
20060308,2006-04-08 08:00:00,65.33827,-56.43422,9.31083
20060308,2006-04-08 09:00:00,66.78714,-56.43385,9.46667
20060308,2006-04-08 10:00:00,68.56841,-56.39764,10.13801
20060308,2006-04-08 11:00:00,70.05861,-56.34090,10.24709
20060308,2006-04-08 12:00:00,71.48975,-56.23534,10.33615
20060308,2006-04-08 13:00:00,72.96365,-56.05627,10.28788
20060308,2006-04-08 14:00:00,74.43761,-55.83221,10.29727
20060308,2006-04-08 15:00:00,75.89363,-55.58452,10.24973
20060308,2006-04-08 16:00:00,77.41562,-55.29529,10.01456
20060308,2006-04-08 17:00:00,79.04787,-54.98474,9.80599
20060308,2006-04-08 18:00:00,80.69389,-54.66650,9.60374
20060308,2006-04-08 19:00:00,82.47901,-54.29477,9.20734
20060308,2006-04-08 20:00:00,84.18526,-53.97113,9.00822
20060308,2006-04-08 21:00:00,85.95583,-53.58213,8.73121
20060308,2006-04-08 22:00:00,88.46699,-53.07940,8.53398
20060308,2006-04-08 23:00:00,90.63280,-52.58913,8.46439
20060308,2006-04-09 00:00:00,92.73432,-52.14759,8.48613
20060308,2006-04-09 01:00:00,94.70821,-51.78156,8.62524
20060308,2006-04-09 02:00:00,96.49966,-51.48650,8.73806
20060308,2006-04-09 03:00:00,98.08056,-51.22871,8.78326
20060308,2006-04-09 04:00:00,99.60712,-50.97290,8.82174
20060308,2006-04-09 05:00:00,101.02012,-50.72793,8.88070
20060308,2006-04-09 06:00:00,102.32889,-50.48415,9.01828
20060308,2006-04-09 07:00:00,103.57916,-50.23372,9.03761
20060308,2006-04-09 08:00:00,104.76063,-50.01811,9.08869
20060308,2006-04-09 09:00:00,105.92220,-49.83901,9.16351
20060308,2006-04-09 10:00:00,107.31229,-49.76969,9.44263
20060308,2006-04-09 11:00:00,108.33611,-49.61548,9.46871
20060308,2006-04-09 12:00:00,109.24264,-49.48698,9.44323
20060308,2006-04-09 13:00:00,110.14480,-49.40992,9.51306
20060308,2006-04-09 14:00:00,111.00274,-49.36912,9.55832
20060308,2006-04-09 15:00:00,111.80332,-49.36369,9.54480
20060308,2006-04-09 16:00:00,112.63512,-49.35989,9.57607
20060308,2006-04-09 17:00:00,113.40823,-49.39560,9.52372
20060308,2006-04-09 18:00:00,114.18338,-49.40147,9.57292
20060308,2006-04-09 19:00:00,114.89830,-49.42435,9.58908
20060308,2006-04-09 20:00:00,115.49349,-49.44927,9.57826
20060308,2006-04-09 21:00:00,116.07492,-49.46663,9.55702
20060308,2006-04-09 22:00:00,116.56779,-49.61429,9.48197
20060308,2006-04-09 23:00:00,117.13982,-49.51407,9.50504
20060308,2006-04-10 00:00:00,117.65262,-49.42506,9.44489
20060308,2006-04-10 01:00:00,118.16908,-49.34485,9.38498
20060308,2006-04-10 02:00:00,118.58649,-49.28983,9.25910
20060308,2006-04-10 03:00:00,119.11718,-49.20371,9.15542
20060308,2006-04-10 04:00:00,119.61414,-49.10133,9.03208
20060308,2006-04-10 05:00:00,120.15546,-48.98091,8.90237
20060308,2006-04-10 06:00:00,120.69647,-48.87923,8.74468
20060308,2006-04-10 07:00:00,121.26389,-48.73799,8.66889
20060308,2006-04-10 08:00:00,121.90244,-48.58805,8.49727
20060308,2006-04-10 09:00:00,122.58536,-48.39225,8.38955
20060308,2006-04-10 10:00:00,123.65604,-48.35445,8.23184
20060308,2006-04-10 11:00:00,124.28861,-48.17450,8.24494
20060308,2006-04-10 12:00:00,124.93297,-48.06465,8.23845
20060308,2006-04-10 13:00:00,125.49572,-47.94745,8.16268
20060308,2006-04-10 14:00:00,126.26838,-47.80814,8.02228
20060308,2006-04-10 15:00:00,126.91365,-47.77055,7.85024
20060308,2006-04-10 16:00:00,127.55578,-47.72135,7.68898
20060308,2006-04-10 17:00:00,128.19449,-47.66996,7.56855
20060308,2006-04-10 18:00:00,128.85773,-47.68769,7.47887
20060308,2006-04-10 19:00:00,129.38573,-47.60518,7.38248
20060308,2006-04-10 20:00:00,130.11623,-47.70376,7.24336
20060308,2006-04-10 21:00:00,130.79649,-47.83268,7.11996
20060308,2006-04-10 22:00:00,131.82799,-48.26524,6.74012
20060309,2006-04-06 22:00:00,166.68921,-72.35918,3.35603
20060309,2006-04-06 23:00:00,170.05959,-73.01595,3.61178
20060309,2006-04-07 00:00:00,172.23820,-73.32195,3.80018
20060309,2006-04-07 01:00:00,174.42925,-73.60925,3.94401
20060309,2006-04-07 02:00:00,176.33020,-73.75304,4.20197
20060309,2006-04-07 03:00:00,178.04895,-73.84512,4.51049
20060309,2006-04-07 04:00:00,-179.63478,-74.02330,4.72944
20060309,2006-04-07 05:00:00,-177.56914,-74.12505,4.97839
20060309,2006-04-07 06:00:00,-175.47005,-74.21063,5.23452
20060309,2006-04-07 07:00:00,-173.31320,-74.28170,5.50774
20060309,2006-04-07 08:00:00,-171.37187,-74.33205,5.74868
20060309,2006-04-07 09:00:00,-169.43434,-74.37587,5.98039
20060309,2006-04-07 10:00:00,-167.13173,-74.55855,6.28744
20060309,2006-04-07 11:00:00,-165.14299,-74.61168,6.49114
20060309,2006-04-07 12:00:00,-162.97598,-74.64748,6.64239
20060309,2006-04-07 13:00:00,-160.78821,-74.67664,6.76882
20060309,2006-04-07 14:00:00,-158.78360,-74.68134,6.85664
20060309,2006-04-07 15:00:00,-156.91399,-74.65120,6.89461
20060309,2006-04-07 16:00:00,-155.14682,-74.59396,6.91299
20060309,2006-04-07 17:00:00,-153.55100,-74.51466,6.92375
20060309,2006-04-07 18:00:00,-152.00754,-74.40383,6.92179
20060309,2006-04-07 19:00:00,-150.44011,-74.29567,6.89925
20060309,2006-04-07 20:00:00,-148.86256,-74.18808,6.85666
20060309,2006-04-07 21:00:00,-147.30994,-74.07932,6.75955
20060309,2006-04-07 22:00:00,-146.23445,-74.12283,6.51307
20060309,2006-04-07 23:00:00,-144.75932,-73.98422,6.27626
20060309,2006-04-08 00:00:00,-143.25391,-73.80093,6.05257
20060309,2006-04-08 01:00:00,-141.71602,-73.56641,5.88567
20060309,2006-04-08 02:00:00,-140.24406,-73.31020,5.77944
20060309,2006-04-08 03:00:00,-138.80855,-73.08649,5.68946
20060309,2006-04-08 04:00:00,-137.33951,-72.87380,5.59662
20060309,2006-04-08 05:00:00,-135.81790,-72.68066,5.52847
20060309,2006-04-08 06:00:00,-134.06828,-72.51859,5.56944
20060309,2006-04-08 07:00:00,-132.23097,-72.39491,5.51049
20060309,2006-04-08 08:00:00,-130.25114,-72.27087,5.40063
20060309,2006-04-08 09:00:00,-128.63660,-72.11906,5.36298
20060309,2006-04-08 10:00:00,-126.99687,-72.07109,5.28244
20060309,2006-04-08 11:00:00,-125.34601,-71.91535,5.25511
20060309,2006-04-08 12:00:00,-123.70207,-71.84798,5.25146
20060309,2006-04-08 13:00:00,-122.41423,-71.81192,5.29857
20060309,2006-04-08 14:00:00,-121.41356,-71.78508,5.33361
20060309,2006-04-08 15:00:00,-120.59634,-71.73759,5.37037
20060309,2006-04-08 16:00:00,-119.80855,-71.72269,5.35200
20060309,2006-04-08 17:00:00,-119.18199,-71.69512,5.32180
20060309,2006-04-08 18:00:00,-118.65123,-71.68942,5.29828
20060309,2006-04-08 19:00:00,-118.07718,-71.66405,5.29713
20060309,2006-04-08 20:00:00,-117.65565,-71.73424,5.24317
20060309,2006-04-08 21:00:00,-117.22162,-71.76604,5.26771
20060309,2006-04-08 22:00:00,-117.65793,-72.11912,4.95711
20060309,2006-04-08 23:00:00,-117.39935,-72.18681,4.99140
20060309,2006-04-09 00:00:00,-116.86469,-72.15479,5.06004
20060309,2006-04-09 01:00:00,-116.27612,-72.10852,5.12969
20060309,2006-04-09 02:00:00,-115.42041,-72.00968,5.19304
20060309,2006-04-09 03:00:00,-114.47942,-71.94282,5.22793
20060309,2006-04-09 04:00:00,-113.38142,-71.81893,5.25071
20060309,2006-04-09 05:00:00,-112.48871,-71.70988,5.29194
20060309,2006-04-09 06:00:00,-111.80614,-71.59504,5.38773
20060309,2006-04-09 07:00:00,-111.04939,-71.53610,5.41829
20060309,2006-04-09 08:00:00,-110.34676,-71.40964,5.46280
20060309,2006-04-09 09:00:00,-109.75143,-71.28352,5.40425
20060309,2006-04-09 10:00:00,-109.14445,-71.19740,5.27460
20060309,2006-04-09 11:00:00,-108.51465,-71.07240,5.16603
20060309,2006-04-09 12:00:00,-107.86136,-70.91412,5.08530
20060309,2006-04-09 13:00:00,-107.25719,-70.73285,4.99998
20060309,2006-04-09 14:00:00,-106.59869,-70.56020,4.91061
20060309,2006-04-09 15:00:00,-105.74423,-70.35917,4.81229
20060309,2006-04-09 16:00:00,-104.82101,-70.08675,4.74036
20060309,2006-04-09 17:00:00,-103.82657,-69.91522,4.63457
20060309,2006-04-09 18:00:00,-102.91034,-69.71999,4.60538
20060309,2006-04-09 19:00:00,-101.91013,-69.37459,4.58214
20060309,2006-04-09 20:00:00,-100.74893,-69.08054,4.53519
20060309,2006-04-09 21:00:00,-99.75107,-68.88243,4.44692
20060309,2006-04-09 22:00:00,-97.60178,-67.74316,4.29785
20060309,2006-04-09 23:00:00,-95.53622,-67.00765,4.32182
20060309,2006-04-10 00:00:00,-94.15219,-66.43243,4.35801
20060309,2006-04-10 01:00:00,-92.74124,-66.00520,4.44648
20060309,2006-04-10 02:00:00,-91.70960,-65.66219,4.55267
20060309,2006-04-10 03:00:00,-90.77884,-65.33558,4.66626
20060309,2006-04-10 04:00:00,-89.79697,-65.01074,4.78406
20060309,2006-04-10 05:00:00,-88.98666,-64.64372,4.88393
20060309,2006-04-10 06:00:00,-88.12961,-64.28831,5.00988
20060309,2006-04-10 07:00:00,-87.29190,-64.00002,5.10885
20060309,2006-04-10 08:00:00,-86.42151,-63.75636,5.20350
20060309,2006-04-10 09:00:00,-85.65341,-63.48910,5.32484
20060309,2006-04-10 10:00:00,-85.03049,-63.23785,5.31425
20060309,2006-04-10 11:00:00,-84.34402,-62.81555,5.40549
20060309,2006-04-10 12:00:00,-83.60538,-62.37485,5.48395
20060309,2006-04-10 13:00:00,-82.85422,-61.91093,5.60339
20060309,2006-04-10 14:00:00,-82.22482,-61.46949,5.70419
20060309,2006-04-10 15:00:00,-81.59692,-61.06659,5.84787
20060309,2006-04-10 16:00:00,-80.97235,-60.80708,6.01843
20060309,2006-04-10 17:00:00,-80.36911,-60.63079,6.14736
20060309,2006-04-10 18:00:00,-79.83417,-60.43017,6.30137
20060309,2006-04-10 19:00:00,-79.25836,-60.20329,6.48204
20060309,2006-04-10 20:00:00,-78.69162,-60.03279,6.61760
20060309,2006-04-10 21:00:00,-78.16226,-59.85405,6.78958
20060309,2006-04-10 22:00:00,-77.67975,-59.77888,6.86700
20060309,2006-04-10 23:00:00,-77.15997,-59.58760,6.99874
20060309,2006-04-11 00:00:00,-76.64606,-59.36813,7.10264
20060309,2006-04-11 01:00:00,-76.13046,-59.13945,7.20360
20060309,2006-04-11 02:00:00,-75.66244,-58.99350,7.30401
20060309,2006-04-11 03:00:00,-75.22659,-58.85938,7.39649
20060309,2006-04-11 04:00:00,-74.78095,-58.73599,7.55852
20060309,2006-04-11 05:00:00,-74.33310,-58.63032,7.68079
20060309,2006-04-11 06:00:00,-73.89117,-58.54493,7.80300
20060309,2006-04-11 07:00:00,-73.39529,-58.51012,7.83423
20060309,2006-04-11 08:00:00,-72.93439,-58.48509,7.74219
20060309,2006-04-11 09:00:00,-72.44821,-58.47388,7.57435
20060309,2006-04-11 10:00:00,-72.13763,-58.50425,7.29671
20060309,2006-04-11 11:00:00,-71.73096,-58.42092,7.24908
20060309,2006-04-11 12:00:00,-71.29886,-58.29824,7.19136
20060309,2006-04-11 13:00:00,-70.84543,-58.23070,7.24028
20060309,2006-04-11 14:00:00,-70.40085,-58.16776,7.20390
20060309,2006-04-11 15:00:00,-69.96933,-58.12222,7.17245
20060309,2006-04-11 16:00:00,-69.56387,-58.10614,7.12671
20060309,2006-04-11 17:00:00,-69.12738,-58.11304,7.06623
20060309,2006-04-11 18:00:00,-68.69971,-58.11155,6.94396
20060309,2006-04-11 19:00:00,-68.29004,-58.06168,6.82452
20060309,2006-04-11 20:00:00,-67.86749,-57.98838,6.71363
20060309,2006-04-11 21:00:00,-67.43222,-57.89762,6.58062
20060309,2006-04-11 22:00:00,-66.86414,-57.68945,6.62076
20060309,2006-04-11 23:00:00,-66.44138,-57.53752,6.42563
20060309,2006-04-12 00:00:00,-66.03101,-57.41684,6.19874
20060309,2006-04-12 01:00:00,-65.57986,-57.35729,5.94753
20060309,2006-04-12 02:00:00,-65.11749,-57.31562,5.81492
20060309,2006-04-12 03:00:00,-64.63437,-57.32582,5.72335
20060309,2006-04-12 04:00:00,-64.11780,-57.33296,5.61411
20060309,2006-04-12 05:00:00,-63.59393,-57.30891,5.58658
20060309,2006-04-12 06:00:00,-63.05325,-57.28052,5.52090
20060309,2006-04-12 07:00:00,-62.52039,-57.22679,5.44477
20060309,2006-04-12 08:00:00,-62.05160,-57.15049,5.33517
20060309,2006-04-12 09:00:00,-61.51660,-57.08849,5.22153
20060309,2006-04-12 10:00:00,-60.95972,-56.91597,5.34547
20060309,2006-04-12 11:00:00,-60.40646,-56.85278,5.16578
20060309,2006-04-12 12:00:00,-59.85147,-56.81029,5.05649
20060309,2006-04-12 13:00:00,-59.29425,-56.76661,4.95586
20060309,2006-04-12 14:00:00,-58.71963,-56.71244,4.84422
20060309,2006-04-12 15:00:00,-58.04450,-56.60346,4.77771
20060309,2006-04-12 16:00:00,-57.27905,-56.52460,4.65199
20060309,2006-04-12 17:00:00,-56.55444,-56.44167,4.57813
20060309,2006-04-12 18:00:00,-55.70785,-56.33691,4.51740
20060309,2006-04-12 19:00:00,-54.73959,-56.17844,4.47163
20060309,2006-04-12 20:00:00,-53.78833,-56.05291,4.43061
20060309,2006-04-12 21:00:00,-52.73764,-55.92746,4.40040
20060309,2006-04-12 22:00:00,-51.42636,-55.75726,4.50560
20060309,2006-04-12 23:00:00,-50.01865,-55.65206,4.51123
20060310,2006-04-07 00:00:00,-32.60467,-60.08111,5.29732
20060310,2006-04-07 01:00:00,-31.02508,-60.68441,5.21861
20060310,2006-04-07 02:00:00,-29.54684,-61.30211,5.15153
20060310,2006-04-07 03:00:00,-28.20453,-61.90202,5.13014
20060310,2006-04-07 04:00:00,-27.10693,-62.29766,5.20308
20060310,2006-04-07 05:00:00,-26.07932,-62.59200,5.28779
20060310,2006-04-07 06:00:00,-25.08356,-62.87442,5.41788
20060310,2006-04-07 07:00:00,-24.12833,-63.15659,5.53467
20060310,2006-04-07 08:00:00,-23.15286,-63.50182,5.66741
20060310,2006-04-07 09:00:00,-22.18643,-63.88270,5.80743
20060310,2006-04-07 10:00:00,-21.54373,-64.80020,5.98689
20060310,2006-04-07 11:00:00,-20.80972,-65.07398,6.08872
20060310,2006-04-07 12:00:00,-20.12076,-65.18158,6.18556
20060310,2006-04-07 13:00:00,-19.46426,-65.20218,6.27294
20060310,2006-04-07 14:00:00,-18.87201,-65.27530,6.33904
20060310,2006-04-07 15:00:00,-18.30173,-65.42221,6.37215
20060310,2006-04-07 16:00:00,-17.62909,-65.56298,6.40348
20060310,2006-04-07 17:00:00,-16.67859,-65.56927,6.42423
20060310,2006-04-07 18:00:00,-15.34412,-65.36503,6.44244
20060310,2006-04-07 19:00:00,-13.54327,-64.95789,6.47148
20060310,2006-04-07 20:00:00,-11.84787,-64.57918,6.51119
20060310,2006-04-07 21:00:00,-10.38626,-64.28599,6.54026
20060310,2006-04-07 22:00:00,-8.23776,-63.76658,6.44871
20060310,2006-04-07 23:00:00,-6.80869,-63.51248,6.51711
20060310,2006-04-08 00:00:00,-5.57022,-63.37092,6.53794
20060310,2006-04-08 01:00:00,-4.49741,-63.32569,6.51415
20060310,2006-04-08 02:00:00,-3.53793,-63.37167,6.45868
20060310,2006-04-08 03:00:00,-2.69870,-63.42751,6.38229
20060310,2006-04-08 04:00:00,-1.77756,-63.47276,6.29665
20060310,2006-04-08 05:00:00,-0.71435,-63.46087,6.21738
20060310,2006-04-08 06:00:00,0.44603,-63.42093,6.13736
20060310,2006-04-08 07:00:00,1.72464,-63.36054,6.04791
20060310,2006-04-08 08:00:00,3.13042,-63.26244,5.97978
20060310,2006-04-08 09:00:00,4.19421,-63.24912,5.90276
20060310,2006-04-08 10:00:00,3.94065,-63.49103,5.90287
20060310,2006-04-08 11:00:00,4.30850,-63.56984,5.75706
20060310,2006-04-08 12:00:00,2.77998,-63.87662,5.65160
20060311,2006-04-07 05:00:00,155.80603,-68.70399,2.29034
20060311,2006-04-07 06:00:00,154.94774,-68.40416,2.22275
20060311,2006-04-07 07:00:00,154.53180,-68.26057,2.20543
20060311,2006-04-07 08:00:00,154.53720,-68.25920,2.24327
20060311,2006-04-07 09:00:00,154.72463,-68.31160,2.30893
20060311,2006-04-07 10:00:00,155.21106,-68.44881,2.29190
20060311,2006-04-07 11:00:00,155.30701,-68.46789,2.35553
20060311,2006-04-07 12:00:00,155.53275,-68.50832,2.38546
20060311,2006-04-07 13:00:00,155.62044,-68.50337,2.38108
20060311,2006-04-07 14:00:00,155.36752,-68.41105,2.33422
20060311,2006-04-07 15:00:00,154.91045,-68.26251,2.28194
20060311,2006-04-07 16:00:00,154.61261,-68.16521,2.24224
20060311,2006-04-07 17:00:00,154.33119,-68.06644,2.19819
20060311,2006-04-07 18:00:00,154.03728,-67.96746,2.15160
20060311,2006-04-07 19:00:00,153.15263,-67.72661,2.13270
20060311,2006-04-07 20:00:00,151.85619,-67.37301,2.15158
20060311,2006-04-07 21:00:00,151.23895,-67.17620,2.18864
20060311,2006-04-07 22:00:00,150.44615,-66.94218,2.17770
20060311,2006-04-07 23:00:00,150.38118,-66.84374,2.16895
20060311,2006-04-08 00:00:00,150.19334,-66.74061,2.14261
20060311,2006-04-08 01:00:00,150.11342,-66.70801,2.10547
20060311,2006-04-08 02:00:00,150.10097,-66.71761,2.06380
20060311,2006-04-08 03:00:00,150.21292,-66.75848,2.03360
20060311,2006-04-08 04:00:00,150.39171,-66.78767,2.01713
20060311,2006-04-08 05:00:00,150.69000,-66.84067,1.99613
20060311,2006-04-08 06:00:00,151.08443,-66.92712,2.01325
20060311,2006-04-08 07:00:00,151.61481,-67.06516,2.04050
20060311,2006-04-08 08:00:00,152.23970,-67.22227,2.08237
20060311,2006-04-08 09:00:00,152.89548,-67.34208,2.13125
20060311,2006-04-08 10:00:00,154.10555,-67.59389,2.07840
20060311,2006-04-08 11:00:00,154.89691,-67.74957,2.14385
20060311,2006-04-08 12:00:00,155.74466,-67.90298,2.18640
20060311,2006-04-08 13:00:00,156.69510,-68.06683,2.21440
20060311,2006-04-08 14:00:00,157.74272,-68.23833,2.23537
20060311,2006-04-08 15:00:00,158.85889,-68.41669,2.25337
20060311,2006-04-08 16:00:00,159.97172,-68.58170,2.23851
20060311,2006-04-08 17:00:00,161.31270,-68.78355,2.20519
20060311,2006-04-08 18:00:00,162.88896,-69.01817,2.17882
20060311,2006-04-08 19:00:00,164.49522,-69.27084,2.17303
20060311,2006-04-08 20:00:00,166.37596,-69.57928,2.18811
20060311,2006-04-08 21:00:00,168.41562,-69.89339,2.20593
20060311,2006-04-08 22:00:00,168.22958,-70.09871,2.29442
20060311,2006-04-08 23:00:00,169.61618,-70.25549,2.30438
20060311,2006-04-09 00:00:00,170.96491,-70.45396,2.34670
20060311,2006-04-09 01:00:00,172.65880,-70.65030,2.36439
20060311,2006-04-09 02:00:00,174.93330,-70.72893,2.37800
20060311,2006-04-09 03:00:00,177.69351,-70.61144,2.41907
20060311,2006-04-09 04:00:00,-178.76456,-70.43096,2.48732
20060311,2006-04-09 05:00:00,-175.72401,-70.32297,2.64425
20060311,2006-04-09 06:00:00,-173.71405,-70.28177,2.90325
20060311,2006-04-09 07:00:00,-171.72714,-70.27134,3.15864
20060311,2006-04-09 08:00:00,-169.71680,-70.39230,3.38809
20060311,2006-04-09 09:00:00,-167.83626,-70.55669,3.59005
20060311,2006-04-09 10:00:00,-165.15067,-70.64754,3.80227
20060311,2006-04-09 11:00:00,-163.55232,-70.78803,4.04014
20060311,2006-04-09 12:00:00,-161.97423,-70.92218,4.33495
20060311,2006-04-09 13:00:00,-160.65919,-70.98477,4.68777
20060311,2006-04-09 14:00:00,-159.34734,-71.02273,5.02769
20060311,2006-04-09 15:00:00,-158.08182,-71.04288,5.38024
20060311,2006-04-09 16:00:00,-156.65192,-71.04768,5.70382
20060311,2006-04-09 17:00:00,-155.15938,-71.04975,6.01778
20060311,2006-04-09 18:00:00,-153.69281,-71.06814,6.27449
20060311,2006-04-09 19:00:00,-152.19106,-71.10255,6.48644
20060311,2006-04-09 20:00:00,-150.62875,-71.15135,6.68622
20060311,2006-04-09 21:00:00,-149.12741,-71.20221,6.91309
20060311,2006-04-09 22:00:00,-147.10121,-71.40614,7.12597
20060311,2006-04-09 23:00:00,-145.72420,-71.45620,7.19041
20060311,2006-04-10 00:00:00,-144.35956,-71.53319,7.32624
20060311,2006-04-10 01:00:00,-142.94569,-71.61853,7.51527
20060311,2006-04-10 02:00:00,-141.48996,-71.69803,7.69998
20060311,2006-04-10 03:00:00,-139.99313,-71.76802,7.88662
20060311,2006-04-10 04:00:00,-138.51765,-71.82883,8.06671
20060311,2006-04-10 05:00:00,-137.04427,-71.89404,8.11674
20060311,2006-04-10 06:00:00,-135.67580,-71.96553,8.12926
20060311,2006-04-10 07:00:00,-134.39023,-72.07816,8.14876
20060311,2006-04-10 08:00:00,-133.15691,-72.24300,8.24863
20060311,2006-04-10 09:00:00,-131.88379,-72.40425,8.40319
20060311,2006-04-10 10:00:00,-130.28834,-72.62977,8.64691
20060311,2006-04-10 11:00:00,-129.20512,-72.69087,8.54904
20060311,2006-04-10 12:00:00,-127.96841,-72.78538,8.54939
20060311,2006-04-10 13:00:00,-126.67273,-72.85835,8.35868
20060311,2006-04-10 14:00:00,-125.62534,-72.96134,8.21057
20060311,2006-04-10 15:00:00,-125.02974,-73.12832,8.13809
20060311,2006-04-10 16:00:00,-124.68550,-73.29845,8.13541
20060311,2006-04-10 17:00:00,-124.37045,-73.43025,8.16377
20060311,2006-04-10 18:00:00,-123.83853,-73.52910,8.14203
20060311,2006-04-10 19:00:00,-122.62656,-73.59269,8.20490
20060311,2006-04-10 20:00:00,-121.42909,-73.62656,8.11653
20060311,2006-04-10 21:00:00,-121.56259,-73.67014,7.50708
20060311,2006-04-10 22:00:00,-120.72284,-73.61423,6.79324
20060311,2006-04-10 23:00:00,-119.41020,-73.68591,6.77543
20060311,2006-04-11 00:00:00,-118.87845,-73.84288,6.81025
20060311,2006-04-11 01:00:00,-118.33829,-73.99568,6.70178
20060311,2006-04-11 02:00:00,-117.20123,-74.10388,6.56019
20060311,2006-04-11 03:00:00,-115.31256,-74.08081,6.27645
20060311,2006-04-11 04:00:00,-113.08453,-73.98230,5.99401
20060311,2006-04-11 05:00:00,-110.64078,-73.83346,5.73684
20060311,2006-04-11 06:00:00,-108.79039,-73.77383,5.49257
20060311,2006-04-11 07:00:00,-107.18303,-73.75286,5.29488
20060311,2006-04-11 08:00:00,-105.33821,-73.69580,5.08742
20060311,2006-04-11 09:00:00,-103.64902,-73.58856,4.94191
20060311,2006-04-11 10:00:00,-101.69421,-73.46924,4.88197
20060311,2006-04-11 11:00:00,-99.83530,-73.24503,4.86831
20060311,2006-04-11 12:00:00,-98.59509,-73.17683,4.63739
20060311,2006-04-11 13:00:00,-97.68585,-73.11462,4.45836
20060311,2006-04-11 14:00:00,-96.92425,-73.09441,4.37395
20060311,2006-04-11 15:00:00,-96.00604,-73.12855,4.21176
20060311,2006-04-11 16:00:00,-95.08682,-73.21632,4.05476
20060311,2006-04-11 17:00:00,-94.44052,-73.34038,3.93656
20060311,2006-04-11 18:00:00,-94.04407,-73.47069,3.91757
20060311,2006-04-11 19:00:00,-93.69614,-73.52491,3.91427
20060311,2006-04-11 20:00:00,-93.10406,-73.53888,3.95367
20060311,2006-04-11 21:00:00,-92.53970,-73.61212,4.02221
20060311,2006-04-11 22:00:00,-91.95850,-73.80340,4.07283
20060311,2006-04-11 23:00:00,-91.39017,-73.70407,4.08842
20060311,2006-04-12 00:00:00,-90.85175,-73.57178,4.03584
20060311,2006-04-12 01:00:00,-90.56223,-73.58517,3.99934
20060311,2006-04-12 02:00:00,-90.23633,-73.57925,3.94767
20060311,2006-04-12 03:00:00,-89.41763,-73.51289,3.90155
20060311,2006-04-12 04:00:00,-88.52478,-73.43022,3.87583
20060311,2006-04-12 05:00:00,-87.56342,-73.31718,3.87160
20060311,2006-04-12 06:00:00,-86.28543,-73.09615,3.83989
20060311,2006-04-12 07:00:00,-84.85901,-72.76333,3.81679
20060311,2006-04-12 08:00:00,-83.43430,-72.35000,3.84440
20060311,2006-04-12 09:00:00,-82.11386,-71.85716,3.94396
20060311,2006-04-12 10:00:00,-81.55673,-71.76536,4.22839
20060311,2006-04-12 11:00:00,-80.69550,-71.52541,4.28195
20060311,2006-04-12 12:00:00,-79.73303,-71.18763,4.33208
20060311,2006-04-12 13:00:00,-78.97446,-70.88727,4.41054
20060311,2006-04-12 14:00:00,-78.37460,-70.79607,4.45271
20060311,2006-04-12 15:00:00,-77.84369,-70.69005,4.50425
20060311,2006-04-12 16:00:00,-77.24408,-70.50979,4.54084
20060311,2006-04-12 17:00:00,-76.83154,-70.52441,4.49200
20060311,2006-04-12 18:00:00,-76.31216,-70.43893,4.43497
20060311,2006-04-12 19:00:00,-75.89630,-70.43540,4.34366
20060312,2006-04-07 10:00:00,-52.81857,-29.82583,1.16000
20060312,2006-04-07 11:00:00,-52.79916,-29.83167,1.27253
20060312,2006-04-07 12:00:00,-52.68210,-29.81451,1.38804
20060312,2006-04-07 13:00:00,-52.28467,-29.53389,1.58244
20060312,2006-04-07 14:00:00,-52.06372,-29.55542,1.52136
20060312,2006-04-07 15:00:00,-51.67682,-29.06904,1.59149
20060312,2006-04-07 16:00:00,-51.02942,-28.55442,1.67813
20060312,2006-04-07 17:00:00,-50.06531,-27.84231,1.70817
20060312,2006-04-07 18:00:00,-49.40420,-27.51678,1.75135
20060312,2006-04-07 19:00:00,-48.57370,-26.97036,1.78430
20060312,2006-04-07 20:00:00,-48.12143,-26.65634,1.82067
20060312,2006-04-07 21:00:00,-48.07678,-26.53146,1.80168
20060312,2006-04-07 22:00:00,-47.99603,-26.68413,2.00646
20060312,2006-04-07 23:00:00,-47.99191,-26.81811,1.89448
20060312,2006-04-08 00:00:00,-48.24887,-27.07653,1.83524
20060312,2006-04-08 01:00:00,-48.41717,-27.33340,1.69230
20060312,2006-04-08 02:00:00,-48.46652,-27.74997,1.60753
20060312,2006-04-08 03:00:00,-48.66910,-28.72964,1.53662
20060312,2006-04-08 04:00:00,-48.77902,-29.41378,1.52628
20060312,2006-04-08 05:00:00,-48.70691,-29.94868,1.55285
20060312,2006-04-08 06:00:00,-48.42325,-30.25197,1.63712
20060312,2006-04-08 07:00:00,-48.37277,-30.63243,1.74497
20060312,2006-04-08 08:00:00,-48.22565,-30.74924,1.91973
20060312,2006-04-08 09:00:00,-48.12637,-30.83285,2.09970
20060312,2006-04-08 10:00:00,-47.85620,-30.67662,2.49240
20060312,2006-04-08 11:00:00,-47.78784,-30.78074,2.74217
20060312,2006-04-08 12:00:00,-47.67212,-30.80411,2.93281
20060312,2006-04-08 13:00:00,-47.61743,-30.87857,2.99430
20060312,2006-04-08 14:00:00,-47.49863,-31.01495,3.13495
20060312,2006-04-08 15:00:00,-47.40152,-31.01032,3.27360
20060312,2006-04-08 16:00:00,-47.36508,-31.05966,3.32019
20060312,2006-04-08 17:00:00,-47.28088,-31.11438,3.40812
20060312,2006-04-08 18:00:00,-47.15045,-31.20754,3.41574
20060312,2006-04-08 19:00:00,-47.02527,-31.31035,3.40936
20060312,2006-04-08 20:00:00,-46.92029,-31.33793,3.28640
20060312,2006-04-08 21:00:00,-46.82724,-31.41712,3.22106
20060312,2006-04-08 22:00:00,-46.38101,-31.31273,2.93100
20060312,2006-04-08 23:00:00,-46.31073,-31.33210,2.85782
20060312,2006-04-09 00:00:00,-46.20633,-31.21255,2.76086
20060312,2006-04-09 01:00:00,-46.33826,-31.41698,2.58130
20060312,2006-04-09 02:00:00,-46.44827,-31.69590,2.52993
20060312,2006-04-09 03:00:00,-46.49265,-31.86958,2.51519
20060312,2006-04-09 04:00:00,-46.64810,-32.10773,2.48337
20060312,2006-04-09 05:00:00,-46.79376,-32.33254,2.47140
20060312,2006-04-09 06:00:00,-46.79804,-32.44078,2.50972
20060312,2006-04-09 07:00:00,-46.83810,-32.58518,2.56550
20060312,2006-04-09 08:00:00,-46.89648,-32.72716,2.63709
20060312,2006-04-09 09:00:00,-46.84238,-32.77090,2.76982
20060312,2006-04-09 10:00:00,-47.02918,-32.99693,2.49683
20060312,2006-04-09 11:00:00,-46.91107,-32.92267,2.62024
20060312,2006-04-09 12:00:00,-46.79584,-32.86314,2.80531
20060312,2006-04-09 13:00:00,-46.64911,-32.78274,2.95013
20060312,2006-04-09 14:00:00,-46.48260,-32.75796,3.06138
20060312,2006-04-09 15:00:00,-46.31891,-32.76788,3.09205
20060312,2006-04-09 16:00:00,-46.28952,-32.74253,3.05685
20060312,2006-04-09 17:00:00,-46.30878,-32.77261,3.02921
20060312,2006-04-09 18:00:00,-46.44186,-32.77525,2.97185
20060312,2006-04-09 19:00:00,-46.49371,-32.82054,2.90472
20060312,2006-04-09 20:00:00,-46.53076,-32.86412,2.80191
20060312,2006-04-09 21:00:00,-46.56412,-32.89341,2.74771
20060312,2006-04-09 22:00:00,-47.08771,-32.82947,2.73264
20060312,2006-04-09 23:00:00,-47.14114,-32.86997,2.69005
20060312,2006-04-10 00:00:00,-47.14627,-32.92833,2.64922
20060312,2006-04-10 01:00:00,-47.22562,-32.94531,2.65989
20060312,2006-04-10 02:00:00,-47.31220,-32.89191,2.62398
20060312,2006-04-10 03:00:00,-47.46402,-32.92692,2.65263
20060312,2006-04-10 04:00:00,-47.65677,-32.90770,2.60989
20060312,2006-04-10 05:00:00,-47.85626,-32.87899,2.64007
20060312,2006-04-10 06:00:00,-48.21649,-32.77861,2.61838
20060312,2006-04-10 07:00:00,-48.50833,-32.69458,2.55640
20060312,2006-04-10 08:00:00,-49.06357,-32.41130,2.48775
20060312,2006-04-10 09:00:00,-49.65576,-31.98388,2.54262
20060312,2006-04-10 10:00:00,-49.22995,-32.66178,2.55685
20060312,2006-04-10 11:00:00,-49.32584,-32.48642,2.59978
20060312,2006-04-10 12:00:00,-49.37784,-32.45731,2.59440
20060312,2006-04-10 13:00:00,-49.27829,-32.44823,2.60383
20060312,2006-04-10 14:00:00,-49.36200,-32.27798,2.63305
20060312,2006-04-10 15:00:00,-49.40305,-32.28917,2.59727
20060312,2006-04-10 16:00:00,-49.38412,-32.31479,2.59199
20060312,2006-04-10 17:00:00,-49.48776,-32.26635,2.59175
20060312,2006-04-10 18:00:00,-49.60965,-32.31377,2.54798
20060312,2006-04-10 19:00:00,-49.70203,-32.21364,2.54697
20060312,2006-04-10 20:00:00,-49.92365,-31.85283,2.58372
20060312,2006-04-10 21:00:00,-49.99973,-31.49805,2.59264
20060312,2006-04-10 22:00:00,-49.28751,-30.78204,2.73866
20060312,2006-04-10 23:00:00,-48.95355,-30.96007,2.69837
20060312,2006-04-11 00:00:00,-48.41782,-30.83878,2.70198
20060312,2006-04-11 01:00:00,-47.38229,-30.93315,2.71570
20060312,2006-04-11 02:00:00,-46.04388,-30.97223,2.80195
20060312,2006-04-11 03:00:00,-45.55142,-31.02262,2.95350
20060312,2006-04-11 04:00:00,-45.26862,-31.14284,3.08759
20060312,2006-04-11 05:00:00,-45.10785,-31.32376,3.26290
20060312,2006-04-11 06:00:00,-45.02338,-31.47122,3.43085
20060312,2006-04-11 07:00:00,-45.03174,-31.58914,3.54964
20060312,2006-04-11 08:00:00,-45.11905,-31.74898,3.63350
20060312,2006-04-11 09:00:00,-45.25690,-31.92047,3.69043
20060312,2006-04-11 10:00:00,-45.35315,-32.42896,4.09559
20060312,2006-04-11 11:00:00,-45.49808,-32.65016,4.05345
20060312,2006-04-11 12:00:00,-45.59766,-32.87849,4.04542
20060312,2006-04-11 13:00:00,-45.52057,-33.11391,4.03665
20060312,2006-04-11 14:00:00,-45.44214,-33.22445,4.06369
20060312,2006-04-11 15:00:00,-45.34988,-33.24170,4.08960
20060312,2006-04-11 16:00:00,-45.23196,-33.35512,4.09178
20060312,2006-04-11 17:00:00,-45.26245,-33.52614,4.09098
20060312,2006-04-11 18:00:00,-45.37231,-33.60797,4.09917
20060312,2006-04-11 19:00:00,-45.46069,-33.78234,4.12195
20060312,2006-04-11 20:00:00,-45.54135,-33.90919,4.15862
20060312,2006-04-11 21:00:00,-45.65259,-34.02432,4.22431
20060312,2006-04-11 22:00:00,-45.17102,-33.97706,4.36891
20060312,2006-04-11 23:00:00,-45.22220,-34.03832,4.36324
20060312,2006-04-12 00:00:00,-45.24710,-34.12822,4.38787
20060312,2006-04-12 01:00:00,-45.21719,-34.20843,4.40924
20060312,2006-04-12 02:00:00,-45.25070,-34.33862,4.42260
20060312,2006-04-12 03:00:00,-45.23740,-34.48525,4.43772
20060312,2006-04-12 04:00:00,-45.17014,-34.61475,4.42366
20060312,2006-04-12 05:00:00,-45.05048,-34.74834,4.38929
20060312,2006-04-12 06:00:00,-44.93057,-34.87927,4.32214
20060312,2006-04-12 07:00:00,-44.82806,-34.95747,4.25426
20060312,2006-04-12 08:00:00,-44.75903,-34.98827,4.19760
20060312,2006-04-12 09:00:00,-44.78479,-34.99544,4.13501
20060312,2006-04-12 10:00:00,-44.52939,-35.06154,4.05669
20060312,2006-04-12 11:00:00,-44.52148,-35.05239,4.00485
20060312,2006-04-12 12:00:00,-44.61099,-34.98391,3.97664
20060312,2006-04-12 13:00:00,-44.62329,-34.94321,3.95424
20060312,2006-04-12 14:00:00,-44.61594,-34.83771,3.91822
20060312,2006-04-12 15:00:00,-44.60910,-34.67781,3.84770
20060312,2006-04-12 16:00:00,-44.50064,-34.59713,3.75957
20060312,2006-04-12 17:00:00,-44.32675,-34.49588,3.70175
20060312,2006-04-12 18:00:00,-44.17456,-34.36588,3.67880
20060312,2006-04-12 19:00:00,-44.05570,-34.20082,3.65660
20060312,2006-04-12 20:00:00,-43.91836,-34.08052,3.61915
20060312,2006-04-12 21:00:00,-43.79401,-33.91669,3.61554
20060312,2006-04-12 22:00:00,-43.52158,-33.87506,3.60247
20060312,2006-04-12 23:00:00,-43.17383,-33.88644,3.65904
20060312,2006-04-13 00:00:00,-42.85501,-33.91201,3.69034
20060312,2006-04-13 01:00:00,-42.64938,-33.93013,3.73981
20060312,2006-04-13 02:00:00,-42.48837,-33.86451,3.77377
20060312,2006-04-13 03:00:00,-42.35703,-33.77133,3.75392
20060312,2006-04-13 04:00:00,-42.19949,-33.66475,3.73324
20060312,2006-04-13 05:00:00,-42.02786,-33.55790,3.72016
20060312,2006-04-13 06:00:00,-41.84039,-33.42264,3.68826
20060312,2006-04-13 07:00:00,-41.61343,-33.29152,3.68181
20060312,2006-04-13 08:00:00,-41.35284,-33.15690,3.66971
20060312,2006-04-13 09:00:00,-41.09634,-33.05581,3.66228
20060312,2006-04-13 10:00:00,-40.77127,-33.00537,3.74760
20060312,2006-04-13 11:00:00,-40.52216,-32.96498,3.74846
20060312,2006-04-13 12:00:00,-40.32074,-32.89473,3.77360
20060312,2006-04-13 13:00:00,-40.15247,-32.82746,3.74695
20060312,2006-04-13 14:00:00,-40.02435,-32.74717,3.71395
20060312,2006-04-13 15:00:00,-39.87302,-32.65050,3.70030
20060312,2006-04-13 16:00:00,-39.72839,-32.50214,3.64485
20060312,2006-04-13 17:00:00,-39.57947,-32.35294,3.62225
20060312,2006-04-13 18:00:00,-39.43543,-32.23456,3.59017
20060312,2006-04-13 19:00:00,-39.28210,-32.11363,3.56754
20060312,2006-04-13 20:00:00,-39.09290,-32.01108,3.52670
20060312,2006-04-13 21:00:00,-38.92413,-31.90690,3.46053
20060312,2006-04-13 22:00:00,-38.88171,-31.57189,3.42189
20060312,2006-04-13 23:00:00,-38.74213,-31.45028,3.33553
20060312,2006-04-14 00:00:00,-38.62601,-31.32585,3.25639
20060312,2006-04-14 01:00:00,-38.50342,-31.19588,3.14304
20060312,2006-04-14 02:00:00,-38.38812,-31.03567,3.00912
20060312,2006-04-14 03:00:00,-38.23834,-30.90003,2.91722
20060312,2006-04-14 04:00:00,-38.12402,-30.76048,2.82971
20060312,2006-04-14 05:00:00,-37.98441,-30.62258,2.73140
20060312,2006-04-14 06:00:00,-37.86795,-30.52335,2.65798
20060312,2006-04-14 07:00:00,-37.76495,-30.42590,2.58599
20060312,2006-04-14 08:00:00,-37.69965,-30.34186,2.51785
20060312,2006-04-14 09:00:00,-37.65329,-30.24396,2.44743
20060312,2006-04-14 10:00:00,-37.23459,-30.12078,2.50821
20060312,2006-04-14 11:00:00,-37.22177,-30.03533,2.41437
20060312,2006-04-14 12:00:00,-37.27353,-29.95387,2.32134
20060312,2006-04-14 13:00:00,-37.26505,-29.89159,2.22049
20060312,2006-04-14 14:00:00,-37.24704,-29.86931,2.10461
20060312,2006-04-14 15:00:00,-37.18518,-29.86986,1.99938
20060312,2006-04-14 16:00:00,-37.14206,-29.86313,1.87823
20060312,2006-04-14 17:00:00,-37.01688,-29.82610,1.79242
20060312,2006-04-14 18:00:00,-36.95196,-29.77158,1.70658
20060312,2006-04-14 19:00:00,-36.95193,-29.68534,1.65036
20060312,2006-04-14 20:00:00,-37.01932,-29.57745,1.62599
20060312,2006-04-14 21:00:00,-37.08679,-29.46728,1.60165
20060312,2006-04-14 22:00:00,-37.07590,-29.45793,1.80809
20060312,2006-04-14 23:00:00,-37.13275,-29.33779,1.80914
20060312,2006-04-15 00:00:00,-37.19687,-29.24188,1.74632
20060312,2006-04-15 01:00:00,-37.29456,-29.14998,1.63859
20060312,2006-04-15 02:00:00,-37.42432,-29.01454,1.53164
20060312,2006-04-15 03:00:00,-37.70010,-28.91976,1.41461
20060312,2006-04-15 04:00:00,-38.10126,-28.85991,1.33981
20060312,2006-04-15 05:00:00,-38.44833,-28.85947,1.29560
20060312,2006-04-15 06:00:00,-38.76337,-28.96567,1.28595
20060312,2006-04-15 07:00:00,-38.92264,-29.11521,1.29461
20060312,2006-04-15 08:00:00,-38.98703,-29.22841,1.26705
20060312,2006-04-15 09:00:00,-39.06955,-29.50689,1.22958
20060312,2006-04-15 10:00:00,-39.37940,-30.35561,1.06766
20060312,2006-04-15 11:00:00,-40.20462,-31.44623,1.13497
20060312,2006-04-15 12:00:00,-40.97424,-32.42301,1.24196
20060312,2006-04-15 13:00:00,-40.89749,-32.73594,1.33788
20060312,2006-04-15 14:00:00,-40.61816,-33.01918,1.45674
20060312,2006-04-15 15:00:00,-40.49313,-33.52797,1.55482
20060312,2006-04-15 16:00:00,-40.24460,-33.67108,1.61420
20060312,2006-04-15 17:00:00,-39.91022,-33.67929,1.66111
20060312,2006-04-15 18:00:00,-39.57230,-33.64500,1.67578
20060312,2006-04-15 19:00:00,-39.24930,-33.69514,1.66952
20060312,2006-04-15 20:00:00,-38.91537,-33.68474,1.63722
20060312,2006-04-15 21:00:00,-38.67071,-33.65241,1.64310
20060312,2006-04-15 22:00:00,-38.32501,-33.67258,1.49576
20060312,2006-04-15 23:00:00,-38.08685,-33.72035,1.46404
20060312,2006-04-16 00:00:00,-37.79407,-33.81134,1.42334
20060312,2006-04-16 01:00:00,-37.58475,-33.82912,1.37641
20060312,2006-04-16 02:00:00,-37.29126,-33.93944,1.30600
20060312,2006-04-16 03:00:00,-36.80078,-34.37448,1.25833
20060312,2006-04-16 04:00:00,-36.45956,-34.58331,1.20269
20060312,2006-04-16 05:00:00,-35.97345,-35.02465,1.15672
20060312,2006-04-16 06:00:00,-35.40570,-35.48813,1.13407
20060312,2006-04-16 07:00:00,-34.67773,-36.12695,1.16135
20060312,2006-04-16 08:00:00,-34.13916,-36.42621,1.14964
20060312,2006-04-16 09:00:00,-33.78024,-36.63749,1.18509
20060312,2006-04-16 10:00:00,-33.51834,-37.00118,1.36447
20060312,2006-04-16 11:00:00,-33.00610,-37.26107,1.40461
20060312,2006-04-16 12:00:00,-32.52878,-37.51632,1.49741
20060312,2006-04-16 13:00:00,-32.16870,-37.70155,1.54828
20060312,2006-04-16 14:00:00,-31.80789,-37.92344,1.55946
20060312,2006-04-16 15:00:00,-31.29077,-38.25740,1.55658
20060312,2006-04-16 16:00:00,-30.79336,-38.46400,1.54628
20060312,2006-04-16 17:00:00,-30.12265,-38.73284,1.54274
20060312,2006-04-16 18:00:00,-29.34897,-38.96581,1.56670
20060312,2006-04-16 19:00:00,-28.59625,-39.20412,1.67259
20060312,2006-04-16 20:00:00,-28.33627,-39.17130,1.73257
20060312,2006-04-16 21:00:00,-28.11560,-39.07246,1.75776
20060312,2006-04-16 22:00:00,-29.84354,-37.71553,1.71960
20060312,2006-04-16 23:00:00,-29.48819,-37.90324,1.76703
20060312,2006-04-17 00:00:00,-29.30698,-37.90615,1.83799
20060312,2006-04-17 01:00:00,-28.56137,-38.40975,1.86348
20060312,2006-04-17 02:00:00,-27.65301,-39.08877,1.93820
20060312,2006-04-17 03:00:00,-26.63800,-39.72198,1.99335
20060312,2006-04-17 04:00:00,-25.77536,-40.13975,2.08167
20060312,2006-04-17 05:00:00,-24.95429,-40.44512,2.17905
20060312,2006-04-17 06:00:00,-24.61591,-40.35709,2.26390
20060312,2006-04-17 07:00:00,-24.16586,-40.29677,2.38415
20060312,2006-04-17 08:00:00,-23.96890,-40.06912,2.49449
20060312,2006-04-17 09:00:00,-24.10739,-39.57393,2.56942
20060312,2006-04-17 10:00:00,-24.62653,-38.68035,2.62823
20060312,2006-04-17 11:00:00,-24.30399,-38.49577,2.84679
20060312,2006-04-17 12:00:00,-23.74765,-38.49275,3.03142
20060312,2006-04-17 13:00:00,-23.12741,-38.65511,3.14998
20060312,2006-04-17 14:00:00,-22.44186,-38.89282,3.23851
20060312,2006-04-17 15:00:00,-21.60382,-39.26488,3.24538
20060312,2006-04-17 16:00:00,-20.83926,-39.59180,3.23183
20060312,2006-04-17 17:00:00,-20.15308,-39.82548,3.18463
20060312,2006-04-17 18:00:00,-19.50134,-40.05078,3.11009
20060312,2006-04-17 19:00:00,-18.80402,-40.28052,3.03412
20060312,2006-04-17 20:00:00,-18.11166,-40.53273,2.89321
20060312,2006-04-17 21:00:00,-17.38821,-40.87253,2.77154
20060312,2006-04-17 22:00:00,-16.80075,-41.29350,2.44624
20060312,2006-04-17 23:00:00,-16.24564,-41.52961,2.41230
20060312,2006-04-18 00:00:00,-15.28091,-41.99707,2.35744
20060312,2006-04-18 01:00:00,-14.51651,-42.34880,2.28672
20060312,2006-04-18 02:00:00,-13.67392,-42.67291,2.34585
20060312,2006-04-18 03:00:00,-12.82013,-42.98002,2.33853
20060312,2006-04-18 04:00:00,-12.00037,-43.22825,2.34014
20060312,2006-04-18 05:00:00,-10.95624,-43.57632,2.27024
20060313,2006-04-07 21:00:00,-10.86542,-53.04039,2.66132
20060313,2006-04-07 22:00:00,-10.14828,-52.68214,2.57590
20060313,2006-04-07 23:00:00,-9.02438,-52.14332,2.56427
20060313,2006-04-08 00:00:00,-7.78409,-51.72273,2.54589
20060313,2006-04-08 01:00:00,-6.46472,-51.43660,2.54744
20060313,2006-04-08 02:00:00,-5.07495,-51.22951,2.57218
20060313,2006-04-08 03:00:00,-3.62598,-51.06812,2.65453
20060313,2006-04-08 04:00:00,-2.19019,-50.93567,2.73664
20060313,2006-04-08 05:00:00,-0.75855,-50.80856,2.86160
20060313,2006-04-08 06:00:00,0.62962,-50.63772,2.94746
20060313,2006-04-08 07:00:00,1.98296,-50.43457,3.03782
20060313,2006-04-08 08:00:00,3.35277,-50.23408,3.07095
20060313,2006-04-08 09:00:00,4.71340,-50.02987,2.99399
20060313,2006-04-08 10:00:00,6.35710,-49.80443,2.96753
20060313,2006-04-08 11:00:00,8.12581,-49.66493,2.90530
20060313,2006-04-08 12:00:00,10.11190,-49.55706,2.93330
20060313,2006-04-08 13:00:00,12.16469,-49.41745,3.09429
20060313,2006-04-08 14:00:00,13.80131,-49.30644,3.30779
20060313,2006-04-08 15:00:00,15.03325,-49.20927,3.55956
20060313,2006-04-08 16:00:00,16.12604,-49.16620,3.74783
20060313,2006-04-08 17:00:00,17.24205,-49.18819,3.86382
20060313,2006-04-08 18:00:00,18.38265,-49.21928,3.92487
20060313,2006-04-08 19:00:00,19.48925,-49.35191,3.88353
20060313,2006-04-08 20:00:00,20.55974,-49.48052,3.77675
20060313,2006-04-08 21:00:00,21.49935,-49.52606,3.67212
20060313,2006-04-08 22:00:00,22.08692,-48.95085,3.82142
20060313,2006-04-08 23:00:00,22.84763,-48.68254,3.74262
20060313,2006-04-09 00:00:00,23.55962,-48.45085,3.65836
20060313,2006-04-09 01:00:00,24.25116,-48.18477,3.61587
20060313,2006-04-09 02:00:00,24.99461,-48.10057,3.56507
20060313,2006-04-09 03:00:00,25.78548,-48.05843,3.50105
20060313,2006-04-09 04:00:00,26.57563,-47.85729,3.43511
20060313,2006-04-09 05:00:00,27.43025,-47.79094,3.22964
20060313,2006-04-09 06:00:00,28.20187,-47.47652,3.08625
20060313,2006-04-09 07:00:00,29.06127,-47.35554,2.89386
20060313,2006-04-09 08:00:00,29.88395,-47.11141,2.73965
20060313,2006-04-09 09:00:00,30.70752,-46.95787,2.64290
20060313,2006-04-09 10:00:00,31.73945,-46.80538,2.87039
20060313,2006-04-09 11:00:00,32.54913,-46.77305,2.78123
20060313,2006-04-09 12:00:00,33.32827,-46.79179,2.69287
20060313,2006-04-09 13:00:00,34.05919,-46.70924,2.56636
20060313,2006-04-09 14:00:00,34.86771,-46.61853,2.39193
20060313,2006-04-09 15:00:00,35.59033,-46.55775,2.19912
20060313,2006-04-09 16:00:00,36.27455,-46.55357,2.03544
20060313,2006-04-09 17:00:00,37.01963,-46.56817,1.91833
20060313,2006-04-09 18:00:00,37.72795,-46.78165,1.82166
20060313,2006-04-09 19:00:00,38.52435,-46.99386,1.79998
20060314,2006-04-08 03:00:00,-64.83502,-33.11762,1.59676
20060314,2006-04-08 04:00:00,-64.14798,-34.15513,1.40685
20060314,2006-04-08 05:00:00,-63.76914,-34.76170,1.39110
20060314,2006-04-08 06:00:00,-63.38342,-34.81878,1.51235
20060314,2006-04-08 07:00:00,-63.12125,-35.04605,1.56269
20060314,2006-04-08 08:00:00,-62.78284,-34.90207,1.61825
20060314,2006-04-08 09:00:00,-62.50583,-34.91476,1.61096
20060314,2006-04-08 10:00:00,-61.85480,-33.91151,2.02630
20060314,2006-04-08 11:00:00,-61.70657,-33.48839,2.15700
20060314,2006-04-08 12:00:00,-61.22641,-32.97969,2.05184
20060314,2006-04-08 13:00:00,-60.88614,-32.33841,2.06060
20060314,2006-04-08 14:00:00,-60.68881,-31.83453,2.08678
20060314,2006-04-08 15:00:00,-60.26025,-31.32410,2.03676
20060314,2006-04-08 16:00:00,-60.14343,-30.86816,2.09750
20060314,2006-04-08 17:00:00,-59.76843,-30.46142,1.95171
20060314,2006-04-08 18:00:00,-59.61826,-30.36866,1.90495
20060314,2006-04-08 19:00:00,-59.49545,-30.31141,1.83180
20060314,2006-04-08 20:00:00,-59.35297,-30.10572,1.82469
20060314,2006-04-08 21:00:00,-59.23618,-29.82994,1.94503
20060314,2006-04-08 22:00:00,-58.96258,-29.45151,2.06960
20060314,2006-04-08 23:00:00,-58.98349,-29.28191,2.19347
20060314,2006-04-09 00:00:00,-58.92602,-29.01333,2.30210
20060314,2006-04-09 01:00:00,-58.92029,-28.86259,2.28606
20060314,2006-04-09 02:00:00,-58.89267,-28.69815,2.34969
20060314,2006-04-09 03:00:00,-58.87399,-28.61377,2.49034
20060314,2006-04-09 04:00:00,-58.81332,-28.52892,2.60259
20060314,2006-04-09 05:00:00,-58.71689,-28.42705,2.73476
20060314,2006-04-09 06:00:00,-58.58902,-28.30770,2.85458
20060314,2006-04-09 07:00:00,-58.47842,-28.21573,2.97112
20060314,2006-04-09 08:00:00,-58.29797,-28.07060,3.08516
20060314,2006-04-09 09:00:00,-58.09940,-27.92382,3.16583
20060314,2006-04-09 10:00:00,-57.93567,-27.71494,3.63202
20060314,2006-04-09 11:00:00,-57.82361,-27.65165,3.58743
20060314,2006-04-09 12:00:00,-57.74219,-27.58351,3.45311
20060314,2006-04-09 13:00:00,-57.69510,-27.49122,3.26702
20060314,2006-04-09 14:00:00,-57.62018,-27.38333,3.05987
20060314,2006-04-09 15:00:00,-57.39444,-27.34496,2.84005
20060314,2006-04-09 16:00:00,-56.89169,-27.34774,2.60493
20060314,2006-04-09 17:00:00,-56.34195,-27.38173,2.52685
20060314,2006-04-09 18:00:00,-55.70090,-27.34683,2.57529
20060314,2006-04-09 19:00:00,-55.43988,-27.25719,2.70872
20060314,2006-04-09 20:00:00,-55.29004,-27.14299,2.75974
20060314,2006-04-09 21:00:00,-55.04919,-27.08068,2.80854
20060314,2006-04-09 22:00:00,-55.07358,-27.06342,2.66352
20060314,2006-04-09 23:00:00,-54.96741,-26.98951,2.68613
20060314,2006-04-10 00:00:00,-54.96124,-26.87873,2.66735
20060314,2006-04-10 01:00:00,-55.00577,-26.79604,2.57471
20060314,2006-04-10 02:00:00,-54.98419,-26.72586,2.56690
20060314,2006-04-10 03:00:00,-54.90756,-26.66909,2.48000
20060314,2006-04-10 04:00:00,-54.83164,-26.65772,2.38489
20060314,2006-04-10 05:00:00,-54.57309,-26.68751,2.34507
20060314,2006-04-10 06:00:00,-54.19791,-26.87880,2.32553
20060314,2006-04-10 07:00:00,-53.76636,-27.09574,2.35310
20060314,2006-04-10 08:00:00,-53.30365,-27.38302,2.39201
20060314,2006-04-10 09:00:00,-52.62683,-27.93802,2.47669
20060315,2006-04-08 13:00:00,-2.06833,-64.31644,5.58400
20060315,2006-04-08 14:00:00,-1.99737,-64.20990,5.49635
20060315,2006-04-08 15:00:00,-2.07483,-64.15010,5.47098
20060315,2006-04-08 16:00:00,-1.47571,-64.13810,5.49756
20060315,2006-04-08 17:00:00,-1.60751,-64.17775,5.52647
20060315,2006-04-08 18:00:00,-2.40799,-64.25542,5.53042
20060315,2006-04-08 19:00:00,-3.44977,-64.23734,5.53626
20060315,2006-04-08 20:00:00,-3.76843,-64.17666,5.58723
20060315,2006-04-08 21:00:00,-3.81229,-64.11307,5.60173
20060315,2006-04-08 22:00:00,-4.63614,-64.19824,5.63709
20060315,2006-04-08 23:00:00,-4.26639,-64.03945,5.52964
20060315,2006-04-09 00:00:00,-3.99631,-63.86537,5.45911
20060315,2006-04-09 01:00:00,-3.71078,-63.70324,5.52014
20060315,2006-04-09 02:00:00,-3.05551,-63.53917,5.53089
20060315,2006-04-09 03:00:00,-2.85538,-63.35276,5.61127
20060315,2006-04-09 04:00:00,-2.21020,-63.17009,5.68508
20060315,2006-04-09 05:00:00,-1.44183,-63.03460,5.72529
20060315,2006-04-09 06:00:00,-0.40909,-62.89890,5.68373
20060315,2006-04-09 07:00:00,0.77326,-62.73853,5.58924
20060315,2006-04-09 08:00:00,2.96974,-62.62903,5.49477
20060315,2006-04-09 09:00:00,4.45538,-62.52498,5.41251
20060315,2006-04-09 10:00:00,5.45731,-62.11293,5.39551
20060315,2006-04-09 11:00:00,5.23686,-61.75010,5.35721
20060315,2006-04-09 12:00:00,5.01083,-61.26814,5.35190
20060315,2006-04-09 13:00:00,5.78072,-61.09100,5.30527
20060315,2006-04-09 14:00:00,6.20011,-60.77202,5.34927
20060315,2006-04-09 15:00:00,7.01479,-60.57626,5.40632
20060315,2006-04-09 16:00:00,7.87724,-60.39575,5.39387
20060315,2006-04-09 17:00:00,8.62867,-59.99553,5.37554
20060315,2006-04-09 18:00:00,9.36561,-59.43714,5.30509
20060315,2006-04-09 19:00:00,10.15701,-58.78487,5.27477
20060315,2006-04-09 20:00:00,10.94208,-58.21374,5.20938
20060315,2006-04-09 21:00:00,11.74776,-57.72053,5.14713
20060315,2006-04-09 22:00:00,12.25587,-57.18191,5.11921
20060315,2006-04-09 23:00:00,13.12882,-56.81426,5.04154
20060315,2006-04-10 00:00:00,14.12704,-56.59868,4.93691
20060315,2006-04-10 01:00:00,15.18087,-56.26531,4.83721
20060315,2006-04-10 02:00:00,16.39195,-56.10418,4.72413
20060315,2006-04-10 03:00:00,17.38693,-55.87762,4.66619
20060315,2006-04-10 04:00:00,18.42201,-55.61367,4.63096
20060315,2006-04-10 05:00:00,19.40677,-55.31453,4.61791
20060315,2006-04-10 06:00:00,20.44303,-55.00536,4.60636
20060315,2006-04-10 07:00:00,21.41722,-54.84133,4.59213
20060315,2006-04-10 08:00:00,22.37787,-54.63784,4.50906
20060315,2006-04-10 09:00:00,23.40911,-54.43075,4.47360
20060315,2006-04-10 10:00:00,24.79576,-53.89431,4.35998
20060315,2006-04-10 11:00:00,26.05029,-53.72938,4.37408
20060315,2006-04-10 12:00:00,27.21630,-53.63211,4.32073
20060315,2006-04-10 13:00:00,28.21942,-53.61007,4.29222
20060315,2006-04-10 14:00:00,29.30330,-53.56932,4.21059
20060315,2006-04-10 15:00:00,30.28093,-53.56317,4.18786
20060315,2006-04-10 16:00:00,31.20119,-53.62497,4.17480
20060315,2006-04-10 17:00:00,32.01828,-53.71354,4.17678
20060315,2006-04-10 18:00:00,32.72925,-53.82050,4.15718
20060315,2006-04-10 19:00:00,33.45109,-53.88833,4.14357
20060315,2006-04-10 20:00:00,34.20054,-54.00029,4.14671
20060315,2006-04-10 21:00:00,34.93630,-54.08635,4.14711
20060315,2006-04-10 22:00:00,35.67999,-54.11612,4.17768
20060315,2006-04-10 23:00:00,36.19257,-54.22187,4.14531
20060315,2006-04-11 00:00:00,36.68138,-54.34966,4.14222
20060315,2006-04-11 01:00:00,37.23635,-54.44703,4.11626
20060315,2006-04-11 02:00:00,37.87227,-54.50161,4.09367
20060315,2006-04-11 03:00:00,38.53638,-54.59071,4.00543
20060315,2006-04-11 04:00:00,39.38372,-54.67112,3.91397
20060315,2006-04-11 05:00:00,40.09566,-54.74963,3.83554
20060315,2006-04-11 06:00:00,40.84958,-54.77475,3.75797
20060315,2006-04-11 07:00:00,41.73621,-54.85106,3.68746
20060315,2006-04-11 08:00:00,42.47297,-54.90578,3.65719
20060315,2006-04-11 09:00:00,43.17886,-54.96935,3.62957
20060315,2006-04-11 10:00:00,43.91437,-55.06711,3.67016
20060315,2006-04-11 11:00:00,44.67024,-55.08632,3.58317
20060315,2006-04-11 12:00:00,45.46028,-55.24257,3.47842
20060315,2006-04-11 13:00:00,46.24596,-55.40902,3.38320
20060315,2006-04-11 14:00:00,47.17004,-55.67791,3.29562
20060315,2006-04-11 15:00:00,48.07158,-56.29615,3.23697
20060316,2006-04-08 22:00:00,-43.76788,-46.79405,1.34346
20060316,2006-04-08 23:00:00,-43.36734,-46.93373,1.35914
20060316,2006-04-09 00:00:00,-43.00049,-47.04809,1.34218
20060316,2006-04-09 01:00:00,-42.68338,-47.17650,1.28117
20060316,2006-04-09 02:00:00,-42.46616,-47.30075,1.21885
20060316,2006-04-09 03:00:00,-42.28064,-47.42998,1.15398
20060316,2006-04-09 04:00:00,-42.03561,-47.57658,1.13425
20060316,2006-04-09 05:00:00,-41.78140,-47.72845,1.10513
20060316,2006-04-09 06:00:00,-41.46893,-47.93335,1.11039
20060316,2006-04-09 07:00:00,-40.93310,-48.13105,1.12779
20060316,2006-04-09 08:00:00,-40.44064,-48.27376,1.16538
20060316,2006-04-09 09:00:00,-40.08664,-48.44811,1.21819
20060316,2006-04-09 10:00:00,-39.33511,-48.49169,1.37250
20060316,2006-04-09 11:00:00,-38.95557,-48.62674,1.39490
20060316,2006-04-09 12:00:00,-38.57236,-48.80631,1.38622
20060316,2006-04-09 13:00:00,-38.19852,-49.03365,1.41269
20060316,2006-04-09 14:00:00,-38.06778,-49.23827,1.45801
20060316,2006-04-09 15:00:00,-37.79559,-49.45087,1.52005
20060316,2006-04-09 16:00:00,-37.40442,-49.66844,1.52282
20060316,2006-04-09 17:00:00,-36.89380,-49.87517,1.56577
20060316,2006-04-09 18:00:00,-36.42645,-50.04480,1.57727
20060316,2006-04-09 19:00:00,-35.76178,-50.19372,1.64052
20060316,2006-04-09 20:00:00,-35.09039,-50.31869,1.66875
20060316,2006-04-09 21:00:00,-34.29184,-50.43505,1.74186
20060316,2006-04-09 22:00:00,-33.54959,-50.82674,1.87738
20060316,2006-04-09 23:00:00,-32.76355,-50.86753,1.90591
20060316,2006-04-10 00:00:00,-31.87573,-50.90739,1.95680
20060316,2006-04-10 01:00:00,-30.99170,-50.93923,1.99992
20060316,2006-04-10 02:00:00,-30.07361,-51.00594,2.03824
20060316,2006-04-10 03:00:00,-29.20474,-51.09439,2.06100
20060316,2006-04-10 04:00:00,-28.32965,-51.20398,2.04995
20060316,2006-04-10 05:00:00,-27.50436,-51.34587,2.01950
20060316,2006-04-10 06:00:00,-26.66196,-51.52146,1.97445
20060316,2006-04-10 07:00:00,-25.77576,-51.70089,1.94944
20060316,2006-04-10 08:00:00,-24.77603,-51.90617,1.89702
20060316,2006-04-10 09:00:00,-23.60977,-52.15794,1.85950
20060316,2006-04-10 10:00:00,-21.81378,-53.17389,2.25482
20060317,2006-04-09 02:00:00,6.47691,-57.18167,4.96136
20060317,2006-04-09 03:00:00,7.73437,-56.79533,5.17324
20060317,2006-04-09 04:00:00,8.99229,-56.47893,5.33024
20060317,2006-04-09 05:00:00,10.28876,-56.23620,5.47777
20060317,2006-04-09 06:00:00,11.57896,-56.06095,5.63089
20060317,2006-04-09 07:00:00,12.92777,-55.91480,5.72513
20060317,2006-04-09 08:00:00,14.21572,-55.86314,5.85317
20060317,2006-04-09 09:00:00,15.53798,-55.81036,5.96775
20060317,2006-04-09 10:00:00,17.13541,-55.71393,5.87510
20060317,2006-04-09 11:00:00,18.44594,-55.61933,5.87196
20060317,2006-04-09 12:00:00,19.80598,-55.58493,5.96766
20060317,2006-04-09 13:00:00,21.12075,-55.62281,6.09666
20060317,2006-04-09 14:00:00,22.37857,-55.71421,6.14039
20060317,2006-04-09 15:00:00,23.65435,-55.85529,6.15224
20060317,2006-04-09 16:00:00,24.89489,-56.03068,6.14875
20060317,2006-04-09 17:00:00,26.11649,-56.22704,6.09422
20060317,2006-04-09 18:00:00,27.29596,-56.44345,6.10122
20060317,2006-04-09 19:00:00,28.40571,-56.68674,6.07071
20060317,2006-04-09 20:00:00,29.61065,-56.95641,6.07844
20060317,2006-04-09 21:00:00,30.65499,-57.22025,6.08121
20060317,2006-04-09 22:00:00,32.02747,-57.56432,5.84790
20060317,2006-04-09 23:00:00,33.08022,-57.98983,5.78224
20060317,2006-04-10 00:00:00,33.86029,-58.47223,5.80520
20060317,2006-04-10 01:00:00,34.57713,-59.04952,5.84506
20060317,2006-04-10 02:00:00,35.19725,-59.60720,5.87998
20060317,2006-04-10 03:00:00,35.75101,-60.18684,5.91757
20060317,2006-04-10 04:00:00,36.11052,-60.71654,5.95971
20060317,2006-04-10 05:00:00,36.33049,-61.20758,6.03013
20060317,2006-04-10 06:00:00,36.41256,-61.63207,6.09609
20060317,2006-04-10 07:00:00,36.38504,-62.04708,6.17611
20060317,2006-04-10 08:00:00,36.28143,-62.40608,6.25875
20060317,2006-04-10 09:00:00,36.09313,-62.74893,6.38992
20060317,2006-04-10 10:00:00,35.89505,-63.10738,6.49364
20060317,2006-04-10 11:00:00,35.46977,-63.39191,6.58472
20060317,2006-04-10 12:00:00,35.23814,-63.57055,6.64834
20060317,2006-04-10 13:00:00,34.94735,-63.74358,6.68315
20060317,2006-04-10 14:00:00,34.53915,-63.93092,6.67333
20060317,2006-04-10 15:00:00,33.83092,-64.13486,6.65159
20060317,2006-04-10 16:00:00,32.80986,-64.35644,6.63811
20060317,2006-04-10 17:00:00,31.66007,-64.55224,6.65067
20060317,2006-04-10 18:00:00,30.56158,-64.69916,6.69672
20060317,2006-04-10 19:00:00,29.71405,-64.79461,6.75255
20060317,2006-04-10 20:00:00,28.94724,-64.85811,6.79619
20060317,2006-04-10 21:00:00,28.34650,-64.90426,6.85036
20060317,2006-04-10 22:00:00,28.24863,-64.97772,6.89734
20060317,2006-04-10 23:00:00,27.83329,-64.96513,6.91754
20060317,2006-04-11 00:00:00,27.40219,-64.96107,6.92330
20060317,2006-04-11 01:00:00,26.99649,-64.97710,6.93199
20060317,2006-04-11 02:00:00,26.60496,-64.98000,6.95036
20060317,2006-04-11 03:00:00,26.29997,-64.97381,6.95974
20060317,2006-04-11 04:00:00,26.00253,-64.96256,6.95551
20060317,2006-04-11 05:00:00,25.81420,-64.95433,6.92294
20060317,2006-04-11 06:00:00,25.67851,-64.95917,6.82965
20060317,2006-04-11 07:00:00,25.57597,-64.97618,6.72269
20060317,2006-04-11 08:00:00,25.48338,-65.00571,6.59465
20060317,2006-04-11 09:00:00,25.43148,-65.05833,6.45647
20060317,2006-04-11 10:00:00,25.76014,-65.12131,6.26976
20060317,2006-04-11 11:00:00,25.80247,-65.19222,6.08626
20060317,2006-04-11 12:00:00,25.73030,-65.26415,5.92162
20060317,2006-04-11 13:00:00,25.71517,-65.32074,5.74248
20060317,2006-04-11 14:00:00,25.80445,-65.37594,5.50777
20060317,2006-04-11 15:00:00,25.92085,-65.45145,5.22430
20060317,2006-04-11 16:00:00,26.04558,-65.52976,4.91778
20060317,2006-04-11 17:00:00,26.18020,-65.63751,4.56813
20060317,2006-04-11 18:00:00,26.21201,-65.75695,4.19882
20060317,2006-04-11 19:00:00,26.00447,-65.90316,3.86013
20060317,2006-04-11 20:00:00,25.31728,-66.04887,3.54989
20060317,2006-04-11 21:00:00,23.27444,-66.09122,3.27190
20060318,2006-04-09 08:00:00,-56.98438,-59.80474,2.43465
20060318,2006-04-09 09:00:00,-55.60300,-59.84272,2.43076
20060318,2006-04-09 10:00:00,-54.32367,-59.80885,2.36366
20060318,2006-04-09 11:00:00,-53.02182,-59.88240,2.40937
20060318,2006-04-09 12:00:00,-51.99292,-59.96899,2.49347
20060318,2006-04-09 13:00:00,-51.14099,-60.02709,2.57502
20060318,2006-04-09 14:00:00,-50.37048,-60.08414,2.64105
20060318,2006-04-09 15:00:00,-49.65430,-60.12645,2.69309
20060318,2006-04-09 16:00:00,-49.06143,-60.15105,2.70777
20060318,2006-04-09 17:00:00,-48.37430,-60.17376,2.72084
20060318,2006-04-09 18:00:00,-47.37479,-60.21557,2.78114
20060318,2006-04-09 19:00:00,-46.25696,-60.25353,2.82252
20060318,2006-04-09 20:00:00,-45.30911,-60.29090,2.86101
20060318,2006-04-09 21:00:00,-44.34863,-60.38744,2.89289
20060318,2006-04-09 22:00:00,-43.04517,-60.48604,3.12593
20060318,2006-04-09 23:00:00,-41.74121,-60.63784,3.25304
20060318,2006-04-10 00:00:00,-40.54425,-60.78004,3.33983
20060318,2006-04-10 01:00:00,-39.36066,-60.92034,3.38084
20060318,2006-04-10 02:00:00,-38.29718,-61.02783,3.38346
20060318,2006-04-10 03:00:00,-37.20081,-61.12210,3.35212
20060318,2006-04-10 04:00:00,-36.04535,-61.14408,3.35950
20060318,2006-04-10 05:00:00,-34.91669,-61.14245,3.37576
20060318,2006-04-10 06:00:00,-33.76929,-61.14681,3.44854
20060318,2006-04-10 07:00:00,-32.50284,-61.16088,3.50589
20060318,2006-04-10 08:00:00,-31.10934,-61.12301,3.62213
20060318,2006-04-10 09:00:00,-29.75607,-61.04674,3.77245
20060318,2006-04-10 10:00:00,-28.75561,-60.91034,3.98652
20060318,2006-04-10 11:00:00,-27.61310,-60.84530,4.11561
20060318,2006-04-10 12:00:00,-26.38913,-60.73576,4.19572
20060318,2006-04-10 13:00:00,-25.20859,-60.64971,4.24952
20060318,2006-04-10 14:00:00,-24.09399,-60.54774,4.28996
20060318,2006-04-10 15:00:00,-22.95193,-60.44642,4.39457
20060318,2006-04-10 16:00:00,-21.78226,-60.35119,4.51150
20060318,2006-04-10 17:00:00,-20.59363,-60.20644,4.64280
20060318,2006-04-10 18:00:00,-19.47000,-60.07294,4.76357
20060318,2006-04-10 19:00:00,-18.36096,-59.91975,4.84431
20060318,2006-04-10 20:00:00,-17.28394,-59.79360,4.93108
20060318,2006-04-10 21:00:00,-16.06693,-59.59522,5.04326
20060318,2006-04-10 22:00:00,-14.30926,-59.24094,5.39288
20060318,2006-04-10 23:00:00,-12.54956,-58.81255,5.51388
20060318,2006-04-11 00:00:00,-10.91885,-58.46011,5.60331
20060318,2006-04-11 01:00:00,-9.40097,-58.16978,5.65049
20060318,2006-04-11 02:00:00,-7.98956,-57.94766,5.68495
20060318,2006-04-11 03:00:00,-6.65576,-57.75903,5.77369
20060318,2006-04-11 04:00:00,-5.44174,-57.63663,5.93052
20060318,2006-04-11 05:00:00,-4.22797,-57.51838,6.13970
20060318,2006-04-11 06:00:00,-3.19421,-57.42423,6.37435
20060318,2006-04-11 07:00:00,-2.18503,-57.35240,6.59421
20060318,2006-04-11 08:00:00,-1.17636,-57.28384,6.78129
20060318,2006-04-11 09:00:00,-0.20044,-57.24017,6.90916
20060318,2006-04-11 10:00:00,0.94113,-57.24981,7.28159
20060318,2006-04-11 11:00:00,1.79808,-57.26271,7.33403
20060318,2006-04-11 12:00:00,2.61804,-57.26240,7.45581
20060318,2006-04-11 13:00:00,3.38082,-57.27208,7.58028
20060318,2006-04-11 14:00:00,4.04657,-57.31180,7.62008
20060318,2006-04-11 15:00:00,4.74281,-57.33419,7.62207
20060318,2006-04-11 16:00:00,5.39054,-57.33996,7.66596
20060318,2006-04-11 17:00:00,6.04969,-57.34743,7.65683
20060318,2006-04-11 18:00:00,6.68687,-57.37596,7.70491
20060318,2006-04-11 19:00:00,7.39373,-57.41095,7.71634
20060318,2006-04-11 20:00:00,8.14146,-57.43283,7.69888
20060318,2006-04-11 21:00:00,8.90541,-57.45106,7.72826
20060318,2006-04-11 22:00:00,9.42631,-57.46091,7.71568
20060318,2006-04-11 23:00:00,10.19929,-57.51990,7.72182
20060318,2006-04-12 00:00:00,11.05926,-57.61168,7.76700
20060318,2006-04-12 01:00:00,11.80686,-57.66289,7.80151
20060318,2006-04-12 02:00:00,12.58346,-57.72596,7.91299
20060318,2006-04-12 03:00:00,13.47510,-57.82656,7.99171
20060318,2006-04-12 04:00:00,14.21442,-57.88107,7.95152
20060318,2006-04-12 05:00:00,14.93882,-57.99113,7.89334
20060318,2006-04-12 06:00:00,15.70196,-58.14307,7.93951
20060318,2006-04-12 07:00:00,16.47995,-58.31200,8.03302
20060318,2006-04-12 08:00:00,17.17994,-58.45284,8.14013
20060318,2006-04-12 09:00:00,17.87550,-58.59852,8.13058
20060318,2006-04-12 10:00:00,18.84472,-58.84665,8.07724
20060318,2006-04-12 11:00:00,19.43208,-59.02231,8.12318
20060318,2006-04-12 12:00:00,20.06153,-59.15986,8.15794
20060318,2006-04-12 13:00:00,20.68922,-59.31494,8.17723
20060318,2006-04-12 14:00:00,21.40263,-59.51135,8.20836
20060318,2006-04-12 15:00:00,22.14195,-59.77338,8.27783
20060318,2006-04-12 16:00:00,22.72616,-59.90481,8.27290
20060318,2006-04-12 17:00:00,23.22713,-59.96624,8.17504
20060318,2006-04-12 18:00:00,23.68505,-60.11068,8.14632
20060318,2006-04-12 19:00:00,24.08809,-60.22303,8.10617
20060318,2006-04-12 20:00:00,24.45778,-60.28209,8.05007
20060318,2006-04-12 21:00:00,24.81720,-60.34292,7.95133
20060318,2006-04-12 22:00:00,25.09705,-60.42504,7.61176
20060318,2006-04-12 23:00:00,25.47690,-60.52316,7.49511
20060318,2006-04-13 00:00:00,25.96209,-60.62346,7.39833
20060318,2006-04-13 01:00:00,26.73993,-60.74267,7.22879
20060318,2006-04-13 02:00:00,27.42411,-60.85241,7.09255
20060318,2006-04-13 03:00:00,28.18737,-60.96537,6.93754
20060318,2006-04-13 04:00:00,28.91408,-61.09490,6.83271
20060318,2006-04-13 05:00:00,29.58076,-61.18516,6.73343
20060318,2006-04-13 06:00:00,29.96684,-61.26459,6.66034
20060318,2006-04-13 07:00:00,29.85335,-61.24122,6.48451
20060318,2006-04-13 08:00:00,29.81551,-61.22606,6.29552
20060318,2006-04-13 09:00:00,29.97688,-61.25159,6.15807
20060318,2006-04-13 10:00:00,29.75526,-61.10827,6.04137
20060318,2006-04-13 11:00:00,29.62213,-61.13232,5.85459
20060318,2006-04-13 12:00:00,29.58341,-61.18459,5.69330
20060318,2006-04-13 13:00:00,30.04725,-61.34359,5.60998
20060318,2006-04-13 14:00:00,30.46080,-61.52449,5.54436
20060318,2006-04-13 15:00:00,31.32905,-61.79880,5.52523
20060318,2006-04-13 16:00:00,31.81550,-61.98904,5.53019
20060318,2006-04-13 17:00:00,31.93717,-62.04325,5.50483
20060318,2006-04-13 18:00:00,31.83521,-62.02763,5.41736
20060318,2006-04-13 19:00:00,32.06430,-62.05195,5.32369
20060318,2006-04-13 20:00:00,32.56453,-62.13739,5.19861
20060318,2006-04-13 21:00:00,32.96046,-62.23978,5.09842
20060318,2006-04-13 22:00:00,33.28649,-62.28727,4.95254
20060318,2006-04-13 23:00:00,33.21529,-62.29995,4.92241
20060318,2006-04-14 00:00:00,33.20485,-62.31344,4.86706
20060318,2006-04-14 01:00:00,33.38570,-62.37349,4.83081
20060318,2006-04-14 02:00:00,33.68889,-62.47722,4.77359
20060318,2006-04-14 03:00:00,33.86332,-62.54190,4.70837
20060318,2006-04-14 04:00:00,33.86771,-62.47744,4.65110
20060318,2006-04-14 05:00:00,34.09444,-62.48080,4.60959
20060318,2006-04-14 06:00:00,34.51320,-62.60355,4.59849
20060318,2006-04-14 07:00:00,34.73605,-62.62354,4.57666
20060318,2006-04-14 08:00:00,34.89164,-62.59781,4.54669
20060318,2006-04-14 09:00:00,34.96828,-62.55754,4.50499
20060318,2006-04-14 10:00:00,35.40267,-62.40457,4.25890
20060318,2006-04-14 11:00:00,35.61918,-62.43391,4.20582
20060318,2006-04-14 12:00:00,35.67782,-62.37895,4.19333
20060318,2006-04-14 13:00:00,35.83103,-62.32542,4.22004
20060318,2006-04-14 14:00:00,36.02394,-62.26461,4.24820
20060318,2006-04-14 15:00:00,36.29767,-62.30110,4.28147
20060318,2006-04-14 16:00:00,36.60127,-62.29256,4.29412
20060318,2006-04-14 17:00:00,36.93457,-62.31880,4.28198
20060318,2006-04-14 18:00:00,37.24272,-62.34379,4.24382
20060318,2006-04-14 19:00:00,37.52684,-62.36592,4.20836
20060318,2006-04-14 20:00:00,37.79773,-62.35291,4.16455
20060318,2006-04-14 21:00:00,38.06635,-62.31344,4.11736
20060318,2006-04-14 22:00:00,38.48282,-62.42101,3.91471
20060318,2006-04-14 23:00:00,38.87585,-62.36657,3.90222
20060318,2006-04-15 00:00:00,39.29702,-62.31647,3.91025
20060318,2006-04-15 01:00:00,39.65044,-62.30807,3.85624
20060318,2006-04-15 02:00:00,40.05963,-62.31548,3.73120
20060318,2006-04-15 03:00:00,40.53962,-62.30887,3.56891
20060318,2006-04-15 04:00:00,41.09252,-62.32011,3.31965
20060318,2006-04-15 05:00:00,41.82756,-62.24733,3.04555
20060318,2006-04-15 06:00:00,42.80561,-62.10661,2.80320
20060318,2006-04-15 07:00:00,43.77379,-62.01120,2.57730
20060318,2006-04-15 08:00:00,44.73512,-61.93091,2.39925
20060318,2006-04-15 09:00:00,45.70158,-61.91227,2.24133
20060318,2006-04-15 10:00:00,46.54985,-61.96070,2.19007
20060318,2006-04-15 11:00:00,47.58891,-61.86344,1.95694
20060318,2006-04-15 12:00:00,48.77795,-61.72494,1.73849
20060318,2006-04-15 13:00:00,49.82188,-61.58836,1.53099
20060319,2006-04-09 22:00:00,-71.04633,-31.33657,1.37530
20060319,2006-04-09 23:00:00,-70.65176,-31.66474,1.47513
20060319,2006-04-10 00:00:00,-70.63950,-31.37589,1.54712
20060319,2006-04-10 01:00:00,-70.76590,-30.69267,1.55433
20060319,2006-04-10 02:00:00,-71.04587,-29.76544,1.50533
20060319,2006-04-10 03:00:00,-71.47110,-28.59069,1.44744
20060319,2006-04-10 04:00:00,-71.80902,-27.85842,1.37850
20060319,2006-04-10 05:00:00,-72.03873,-27.31371,1.30783
20060319,2006-04-10 06:00:00,-72.26092,-26.62920,1.23574
20060319,2006-04-10 07:00:00,-72.64783,-25.32365,1.18654
20060319,2006-04-10 08:00:00,-72.93561,-24.39849,1.16226
20060319,2006-04-10 09:00:00,-73.18668,-23.64203,1.15452
20060319,2006-04-10 10:00:00,-73.45364,-23.11577,1.22731
20060319,2006-04-10 11:00:00,-73.74014,-22.59777,1.22343
20060319,2006-04-10 12:00:00,-74.36450,-21.93301,1.19153
20060319,2006-04-10 13:00:00,-75.23007,-21.13010,1.16538
20060319,2006-04-10 14:00:00,-76.04401,-20.30506,1.20496
20060319,2006-04-10 15:00:00,-76.61194,-19.78113,1.25680
20060319,2006-04-10 16:00:00,-76.93594,-19.43337,1.31707
20060319,2006-04-10 17:00:00,-77.20029,-19.23782,1.32011
20060319,2006-04-10 18:00:00,-77.55035,-18.97626,1.24302
20060319,2006-04-10 19:00:00,-77.89911,-18.73237,1.17632
20060319,2006-04-10 20:00:00,-78.14169,-18.43215,1.10578
20060319,2006-04-10 21:00:00,-78.51260,-18.15492,1.03884
20060320,2006-04-09 23:00:00,-18.06513,-74.13368,1.17089
20060320,2006-04-10 00:00:00,-18.31464,-74.10284,1.28153
20060320,2006-04-10 01:00:00,-18.27911,-74.06966,1.35658
20060320,2006-04-10 02:00:00,-18.43375,-73.97463,1.39860
20060320,2006-04-10 03:00:00,-18.68185,-73.87665,1.45772
20060320,2006-04-10 04:00:00,-19.11899,-73.80773,1.55991
20060320,2006-04-10 05:00:00,-19.74512,-73.80369,1.65624
20060320,2006-04-10 06:00:00,-20.34259,-73.79249,1.76252
20060320,2006-04-10 07:00:00,-21.03360,-73.76108,1.87081
20060320,2006-04-10 08:00:00,-21.50302,-73.77026,1.92497
20060320,2006-04-10 09:00:00,-21.90955,-73.74831,1.97969
20060320,2006-04-10 10:00:00,-22.47839,-73.68893,2.14837
20060320,2006-04-10 11:00:00,-23.08908,-73.60743,2.17488
20060320,2006-04-10 12:00:00,-23.56482,-73.60033,2.18303
20060320,2006-04-10 13:00:00,-23.98025,-73.62324,2.16923
20060320,2006-04-10 14:00:00,-24.32959,-73.67130,2.16932
20060320,2006-04-10 15:00:00,-24.79215,-73.70514,2.15098
20060320,2006-04-10 16:00:00,-25.32440,-73.66431,2.11932
20060320,2006-04-10 17:00:00,-25.85053,-73.45873,2.07340
20060320,2006-04-10 18:00:00,-26.31876,-73.07972,2.02880
20060320,2006-04-10 19:00:00,-26.77182,-72.66228,1.98548
20060320,2006-04-10 20:00:00,-27.20737,-72.22656,1.92703
20060320,2006-04-10 21:00:00,-27.38242,-71.87674,1.85888
20060320,2006-04-10 22:00:00,-27.54602,-71.77322,1.85824
20060320,2006-04-10 23:00:00,-27.94428,-71.35523,1.78831
20060320,2006-04-11 00:00:00,-28.23898,-71.02565,1.73423
20060320,2006-04-11 01:00:00,-28.47415,-70.70481,1.67888
20060320,2006-04-11 02:00:00,-28.60873,-70.41202,1.65102
20060320,2006-04-11 03:00:00,-28.53735,-70.15807,1.63589
20060320,2006-04-11 04:00:00,-28.36121,-69.89375,1.63731
20060320,2006-04-11 05:00:00,-28.12650,-69.60216,1.63493
20060320,2006-04-11 06:00:00,-27.92548,-69.27300,1.61812
20060320,2006-04-11 07:00:00,-27.74612,-68.82620,1.59833
20060320,2006-04-11 08:00:00,-27.62860,-68.36491,1.56542
20060320,2006-04-11 09:00:00,-27.53116,-68.04496,1.53717
20060320,2006-04-11 10:00:00,-26.91977,-67.59275,1.67863
20060320,2006-04-11 11:00:00,-26.71378,-67.46114,1.63712
20060320,2006-04-11 12:00:00,-26.49051,-67.35554,1.57655
20060320,2006-04-11 13:00:00,-26.21521,-67.25218,1.48478
20060320,2006-04-11 14:00:00,-25.91034,-67.21749,1.43338
20060320,2006-04-11 15:00:00,-25.72168,-67.18697,1.40811
20060320,2006-04-11 16:00:00,-25.54114,-67.05469,1.37982
20060320,2006-04-11 17:00:00,-25.26257,-66.88941,1.39691
20060320,2006-04-11 18:00:00,-25.18158,-66.67448,1.38909
20060320,2006-04-11 19:00:00,-25.04944,-66.53355,1.39286
20060320,2006-04-11 20:00:00,-25.02756,-66.30204,1.38388
20060320,2006-04-11 21:00:00,-24.89398,-66.17624,1.33981
20060320,2006-04-11 22:00:00,-24.02133,-66.43188,1.43124
20060320,2006-04-11 23:00:00,-23.12396,-66.64039,1.40423
20060321,2006-04-10 06:00:00,-66.35004,-49.11277,2.61974
20060321,2006-04-10 07:00:00,-65.12970,-49.28416,2.90561
20060321,2006-04-10 08:00:00,-64.33575,-49.34438,3.21208
20060321,2006-04-10 09:00:00,-63.39563,-49.52681,3.29974
20060321,2006-04-10 10:00:00,-62.29868,-49.81868,3.56898
20060321,2006-04-10 11:00:00,-61.58539,-50.05385,3.56912
20060321,2006-04-10 12:00:00,-60.64270,-50.38529,3.54526
20060321,2006-04-10 13:00:00,-59.56195,-50.69732,3.60946
20060321,2006-04-10 14:00:00,-58.24445,-51.07246,3.74813
20060321,2006-04-10 15:00:00,-57.24652,-51.32050,3.86743
20060321,2006-04-10 16:00:00,-56.26312,-51.57494,3.88882
20060321,2006-04-10 17:00:00,-54.92365,-51.93926,4.02454
20060321,2006-04-10 18:00:00,-53.81421,-52.20411,4.01035
20060321,2006-04-10 19:00:00,-52.86218,-52.44641,3.94640
20060321,2006-04-10 20:00:00,-51.62451,-52.74167,3.92131
20060321,2006-04-10 21:00:00,-50.03262,-53.11974,3.94811
20060321,2006-04-10 22:00:00,-48.11282,-53.47803,4.22202
20060321,2006-04-10 23:00:00,-46.70963,-53.71657,4.24780
20060321,2006-04-11 00:00:00,-45.46222,-53.91135,4.26465
20060321,2006-04-11 01:00:00,-44.40286,-54.06535,4.24146
20060321,2006-04-11 02:00:00,-43.27280,-54.20794,4.21721
20060321,2006-04-11 03:00:00,-42.22714,-54.32233,4.18394
20060321,2006-04-11 04:00:00,-41.21170,-54.40002,4.14004
20060321,2006-04-11 05:00:00,-40.25497,-54.43868,4.10737
20060321,2006-04-11 06:00:00,-39.13711,-54.41941,4.11163
20060321,2006-04-11 07:00:00,-37.98730,-54.37438,4.11531
20060321,2006-04-11 08:00:00,-36.94827,-54.34056,4.08439
20060321,2006-04-11 09:00:00,-35.57632,-54.25251,4.03925
20060321,2006-04-11 10:00:00,-32.88974,-54.01385,3.92923
20060321,2006-04-11 11:00:00,-30.64877,-53.82758,3.91244
20060321,2006-04-11 12:00:00,-29.29703,-53.69749,3.86567
20060321,2006-04-11 13:00:00,-27.82788,-53.52169,3.82211
20060321,2006-04-11 14:00:00,-26.33716,-53.31497,3.78014
20060321,2006-04-11 15:00:00,-25.15039,-53.11199,3.62153
20060321,2006-04-11 16:00:00,-23.66305,-52.85966,3.44630
20060321,2006-04-11 17:00:00,-21.78516,-52.55409,3.30189
20060321,2006-04-11 18:00:00,-19.91775,-52.30291,3.14964
20060321,2006-04-11 19:00:00,-17.50406,-52.04733,3.07925
20060321,2006-04-11 20:00:00,-15.37784,-51.86130,3.07017
20060321,2006-04-11 21:00:00,-13.72601,-51.73412,3.09780
20060321,2006-04-11 22:00:00,-11.69357,-51.69822,3.12321
20060321,2006-04-11 23:00:00,-10.25269,-51.54207,3.14918
20060321,2006-04-12 00:00:00,-8.91422,-51.40256,3.14088
20060321,2006-04-12 01:00:00,-7.67850,-51.22381,3.09731
20060321,2006-04-12 02:00:00,-6.49676,-51.02770,3.03409
20060321,2006-04-12 03:00:00,-5.32275,-50.83147,2.98723
20060321,2006-04-12 04:00:00,-4.11578,-50.60660,2.91627
20060321,2006-04-12 05:00:00,-2.90320,-50.38428,2.91733
20060321,2006-04-12 06:00:00,-1.70712,-50.15273,2.91655
20060321,2006-04-12 07:00:00,-0.67895,-49.93022,2.84760
20060321,2006-04-12 08:00:00,0.36545,-49.71739,2.83730
20060321,2006-04-12 09:00:00,1.42350,-49.53700,2.83737
20060321,2006-04-12 10:00:00,2.49545,-49.31620,2.82372
20060321,2006-04-12 11:00:00,3.44745,-49.11730,2.78373
20060321,2006-04-12 12:00:00,4.41859,-48.94488,2.77325
20060321,2006-04-12 13:00:00,5.39690,-48.82241,2.79649
20060321,2006-04-12 14:00:00,6.34143,-48.70789,2.77763
20060321,2006-04-12 15:00:00,7.23210,-48.57642,2.74613
20060321,2006-04-12 16:00:00,8.07394,-48.42806,2.71787
20060321,2006-04-12 17:00:00,8.84309,-48.28054,2.66971
20060321,2006-04-12 18:00:00,9.77587,-48.13954,2.65837
20060321,2006-04-12 19:00:00,10.65215,-48.01217,2.67573
20060321,2006-04-12 20:00:00,11.62160,-47.92538,2.72338
20060321,2006-04-12 21:00:00,12.55861,-47.87162,2.75675
20060321,2006-04-12 22:00:00,12.73378,-47.97407,2.52403
20060321,2006-04-12 23:00:00,13.57156,-47.86311,2.51052
20060321,2006-04-13 00:00:00,14.41806,-47.77455,2.50565
20060321,2006-04-13 01:00:00,15.15225,-47.66297,2.54863
20060321,2006-04-13 02:00:00,15.80136,-47.57798,2.55854
20060321,2006-04-13 03:00:00,16.46292,-47.51828,2.50457
20060321,2006-04-13 04:00:00,16.49398,-47.14136,2.47082
20060321,2006-04-13 05:00:00,16.78188,-46.82911,2.46227
20060321,2006-04-13 06:00:00,17.33971,-46.54876,2.45914
20060321,2006-04-13 07:00:00,18.39188,-46.38600,2.40426
20060321,2006-04-13 08:00:00,19.25771,-46.20405,2.37771
20060321,2006-04-13 09:00:00,20.41127,-46.03385,2.37549
20060321,2006-04-13 10:00:00,22.24688,-45.97784,2.40031
20060321,2006-04-13 11:00:00,23.16850,-45.75035,2.47769
20060321,2006-04-13 12:00:00,24.10500,-45.52466,2.63975
20060321,2006-04-13 13:00:00,25.19697,-45.68842,2.72368
20060321,2006-04-13 14:00:00,26.17088,-45.77975,2.83168
20060321,2006-04-13 15:00:00,27.27250,-46.03308,2.93960
20060321,2006-04-13 16:00:00,28.47245,-46.41383,2.97711
20060321,2006-04-13 17:00:00,29.56609,-46.73605,3.02810
20060321,2006-04-13 18:00:00,30.78631,-47.12661,3.05061
20060321,2006-04-13 19:00:00,32.13209,-47.59205,3.09350
20060321,2006-04-13 20:00:00,33.39693,-48.01929,3.14372
20060321,2006-04-13 21:00:00,34.67236,-48.45337,3.19540
20060321,2006-04-13 22:00:00,36.74385,-49.19999,3.33763
20060321,2006-04-13 23:00:00,38.14308,-49.80185,3.32346
20060321,2006-04-14 00:00:00,40.06305,-50.79608,3.34760
20060321,2006-04-14 01:00:00,41.66965,-51.54211,3.46399
20060321,2006-04-14 02:00:00,43.00984,-52.05031,3.56317
20060321,2006-04-14 03:00:00,44.51427,-52.67126,3.58768
20060321,2006-04-14 04:00:00,46.03785,-53.32990,3.55238
20060321,2006-04-14 05:00:00,47.75596,-54.04023,3.43621
20060321,2006-04-14 06:00:00,49.61718,-54.79309,3.29304
20060322,2006-04-10 10:00:00,-87.16315,-35.99291,3.84276
20060322,2006-04-10 11:00:00,-86.89960,-35.80658,3.93642
20060322,2006-04-10 12:00:00,-86.02649,-36.05945,3.89604
20060322,2006-04-10 13:00:00,-84.45895,-36.90093,3.79890
20060322,2006-04-10 14:00:00,-84.53229,-36.54005,3.66140
20060322,2006-04-10 15:00:00,-84.30234,-36.35611,3.70201
20060322,2006-04-10 16:00:00,-83.35992,-36.71543,3.65834
20060322,2006-04-10 17:00:00,-82.25726,-37.17273,3.72839
20060322,2006-04-10 18:00:00,-82.59543,-36.61100,3.77132
20060322,2006-04-10 19:00:00,-83.39136,-35.76891,3.67388
20060322,2006-04-10 20:00:00,-82.64218,-36.05761,3.54839
20060322,2006-04-10 21:00:00,-82.33200,-35.96927,3.56641
20060322,2006-04-10 22:00:00,-82.55048,-35.36720,3.39752
20060322,2006-04-10 23:00:00,-82.05435,-35.44461,3.35530
20060322,2006-04-11 00:00:00,-81.30539,-35.70833,3.37994
20060322,2006-04-11 01:00:00,-80.78671,-35.84328,3.33852
20060322,2006-04-11 02:00:00,-80.69583,-35.60561,3.32421
20060322,2006-04-11 03:00:00,-80.46216,-35.54155,3.26938
20060322,2006-04-11 04:00:00,-80.00891,-35.67576,3.19237
20060322,2006-04-11 05:00:00,-79.60208,-35.79925,3.09020
20060322,2006-04-11 06:00:00,-79.33664,-35.76967,3.08624
20060322,2006-04-11 07:00:00,-79.19324,-35.73590,3.00127
20060322,2006-04-11 08:00:00,-79.09784,-35.59505,2.84513
20060322,2006-04-11 09:00:00,-78.97299,-35.48941,2.80267
20060322,2006-04-11 10:00:00,-79.05045,-34.96334,2.85066
20060322,2006-04-11 11:00:00,-78.64682,-35.18049,2.90082
20060322,2006-04-11 12:00:00,-78.11984,-35.47608,2.92491
20060322,2006-04-11 13:00:00,-78.19424,-35.20148,2.88775
20060322,2006-04-11 14:00:00,-77.98013,-35.23888,2.82500
20060322,2006-04-11 15:00:00,-77.62143,-35.40076,2.66743
20060322,2006-04-11 16:00:00,-77.18103,-35.61999,2.56038
20060322,2006-04-11 17:00:00,-76.83887,-35.68127,2.61964
20060322,2006-04-11 18:00:00,-76.68439,-35.58688,2.64308
20060322,2006-04-11 19:00:00,-76.38840,-35.67383,2.72267
20060322,2006-04-11 20:00:00,-76.27039,-35.54758,2.62010
20060322,2006-04-11 21:00:00,-75.99014,-35.70969,2.62959
20060322,2006-04-11 22:00:00,-75.17548,-36.26413,2.65100
20060322,2006-04-11 23:00:00,-74.78220,-36.29597,2.58289
20060322,2006-04-12 00:00:00,-74.44003,-36.08575,2.59435
20060322,2006-04-12 01:00:00,-74.21448,-36.14217,2.62378
20060322,2006-04-12 02:00:00,-73.86780,-36.16181,2.60822
20060322,2006-04-12 03:00:00,-73.70837,-36.20964,2.63840
20060322,2006-04-12 04:00:00,-73.54608,-36.36446,2.48765
20060322,2006-04-12 05:00:00,-73.44369,-36.71576,2.27475
20060322,2006-04-12 06:00:00,-73.27631,-37.26592,2.12525
20060322,2006-04-12 07:00:00,-72.95990,-37.81280,2.05884
20060322,2006-04-12 08:00:00,-72.82205,-38.26632,2.03444
20060322,2006-04-12 09:00:00,-72.61426,-38.64751,2.09104
20060322,2006-04-12 10:00:00,-72.53568,-38.51797,2.24041
20060322,2006-04-12 11:00:00,-72.52878,-38.70369,2.25604
20060322,2006-04-12 12:00:00,-72.71036,-38.79511,2.24014
20060322,2006-04-12 13:00:00,-72.77365,-38.84645,2.17713
20060322,2006-04-12 14:00:00,-72.75247,-38.53423,2.12218
20060322,2006-04-12 15:00:00,-72.93997,-38.72677,2.01763
20060322,2006-04-12 16:00:00,-73.04779,-38.73432,1.89360
20060322,2006-04-12 17:00:00,-73.54590,-38.98761,1.72437
20060322,2006-04-12 18:00:00,-73.80530,-39.11907,1.61646
20060322,2006-04-12 19:00:00,-73.88449,-39.00024,1.57086
20060322,2006-04-12 20:00:00,-73.93225,-39.07336,1.53386
20060322,2006-04-12 21:00:00,-74.27765,-39.78655,1.45633
20060322,2006-04-12 22:00:00,-74.76584,-40.32322,1.43985
20060322,2006-04-12 23:00:00,-74.43640,-40.34179,1.52756
20060322,2006-04-13 00:00:00,-74.13867,-39.69012,1.61958
20060322,2006-04-13 01:00:00,-73.84460,-39.28253,1.71748
20060322,2006-04-13 02:00:00,-73.73343,-39.29266,1.69888
20060322,2006-04-13 03:00:00,-73.46341,-38.68149,1.68278
20060322,2006-04-13 04:00:00,-73.35113,-38.53460,1.69707
20060323,2006-04-10 11:00:00,-41.22894,-19.30607,1.55480
20060323,2006-04-10 12:00:00,-40.84634,-19.43356,1.68711
20060323,2006-04-10 13:00:00,-40.82068,-19.48263,1.80050
20060323,2006-04-10 14:00:00,-40.44778,-19.80126,1.85218
20060323,2006-04-10 15:00:00,-40.12183,-20.30798,1.96718
20060323,2006-04-10 16:00:00,-40.09241,-20.49170,2.13293
20060323,2006-04-10 17:00:00,-39.98795,-20.66192,2.18183
20060323,2006-04-10 18:00:00,-39.94308,-20.73145,2.26137
20060323,2006-04-10 19:00:00,-39.76382,-20.94544,2.28038
20060323,2006-04-10 20:00:00,-39.79092,-21.14998,2.27687
20060323,2006-04-10 21:00:00,-39.76129,-21.36969,2.32260
20060323,2006-04-10 22:00:00,-39.32513,-20.91782,2.62624
20060323,2006-04-10 23:00:00,-39.22360,-20.97210,2.67153
20060323,2006-04-11 00:00:00,-38.97015,-21.13510,2.61884
20060323,2006-04-11 01:00:00,-38.74960,-21.25589,2.60108
20060323,2006-04-11 02:00:00,-38.49011,-21.42028,2.55934
20060323,2006-04-11 03:00:00,-38.11728,-21.57965,2.51004
20060323,2006-04-11 04:00:00,-37.81930,-21.83389,2.47984
20060323,2006-04-11 05:00:00,-37.52396,-21.98716,2.49884
20060323,2006-04-11 06:00:00,-37.25775,-22.18602,2.45699
20060323,2006-04-11 07:00:00,-37.05115,-22.46888,2.43025
20060323,2006-04-11 08:00:00,-36.76706,-22.74978,2.43088
20060323,2006-04-11 09:00:00,-36.55499,-23.01181,2.41299
20060323,2006-04-11 10:00:00,-36.82340,-22.11587,2.63402
20060323,2006-04-11 11:00:00,-36.52731,-22.73714,2.62496
20060323,2006-04-11 12:00:00,-36.28769,-23.21497,2.59294
20060323,2006-04-11 13:00:00,-36.03763,-23.74443,2.58493
20060323,2006-04-11 14:00:00,-35.82239,-24.21037,2.58482
20060323,2006-04-11 15:00:00,-35.62735,-24.61404,2.60224
20060323,2006-04-11 16:00:00,-35.47116,-24.88313,2.62208
20060323,2006-04-11 17:00:00,-35.29883,-25.17296,2.68640
20060323,2006-04-11 18:00:00,-35.03037,-25.37167,2.77343
20060323,2006-04-11 19:00:00,-34.85941,-25.55296,2.84713
20060323,2006-04-11 20:00:00,-34.71866,-25.71692,2.90339
20060323,2006-04-11 21:00:00,-34.59653,-25.85576,2.93766
20060323,2006-04-11 22:00:00,-34.72879,-25.94698,2.50674
20060323,2006-04-11 23:00:00,-34.61725,-26.01891,2.49213
20060323,2006-04-12 00:00:00,-34.49915,-26.05332,2.46934
20060323,2006-04-12 01:00:00,-34.38483,-25.97926,2.44246
20060323,2006-04-12 02:00:00,-34.19833,-25.91069,2.51856
20060323,2006-04-12 03:00:00,-34.06277,-25.91268,2.55628
20060323,2006-04-12 04:00:00,-33.96793,-25.94233,2.52577
20060323,2006-04-12 05:00:00,-33.84485,-26.05943,2.54673
20060323,2006-04-12 06:00:00,-33.72534,-26.13934,2.55542
20060323,2006-04-12 07:00:00,-33.57291,-26.20891,2.58275
20060323,2006-04-12 08:00:00,-33.44986,-26.35165,2.61537
20060323,2006-04-12 09:00:00,-33.32608,-26.54544,2.59533
20060323,2006-04-12 10:00:00,-33.41190,-26.54651,2.66834
20060323,2006-04-12 11:00:00,-33.29251,-26.75100,2.68692
20060323,2006-04-12 12:00:00,-33.20071,-26.97760,2.65130
20060323,2006-04-12 13:00:00,-33.11566,-27.20025,2.57622
20060323,2006-04-12 14:00:00,-32.98544,-27.32177,2.50325
20060323,2006-04-12 15:00:00,-32.84638,-27.34008,2.40892
20060323,2006-04-12 16:00:00,-32.65729,-27.27350,2.31687
20060323,2006-04-12 17:00:00,-32.39624,-27.04963,2.28055
20060323,2006-04-12 18:00:00,-32.10199,-26.86701,2.28414
20060323,2006-04-12 19:00:00,-31.91791,-26.87680,2.23310
20060323,2006-04-12 20:00:00,-31.75378,-26.82496,2.19435
20060323,2006-04-12 21:00:00,-31.59732,-26.78197,2.18330
20060323,2006-04-12 22:00:00,-31.59936,-26.62969,1.87922
20060323,2006-04-12 23:00:00,-31.36713,-26.79695,1.99906
20060323,2006-04-13 00:00:00,-31.19446,-26.94225,2.14765
20060323,2006-04-13 01:00:00,-31.12982,-27.13945,2.21342
20060323,2006-04-13 02:00:00,-31.11658,-27.24292,2.14107
20060323,2006-04-13 03:00:00,-31.10693,-27.45867,2.08222
20060323,2006-04-13 04:00:00,-31.11316,-27.49610,2.02771
20060323,2006-04-13 05:00:00,-31.03360,-27.36744,2.00084
20060323,2006-04-13 06:00:00,-30.86334,-27.30367,2.01074
20060323,2006-04-13 07:00:00,-30.73321,-27.19007,1.93548
20060323,2006-04-13 08:00:00,-30.58908,-27.11202,2.04432
20060323,2006-04-13 09:00:00,-30.48172,-27.12125,2.06430
20060323,2006-04-13 10:00:00,-30.13727,-28.37282,1.92705
20060323,2006-04-13 11:00:00,-29.86203,-28.36412,1.99213
20060323,2006-04-13 12:00:00,-29.79279,-28.16435,1.86491
20060323,2006-04-13 13:00:00,-29.72757,-28.49415,1.78582
20060323,2006-04-13 14:00:00,-29.64673,-28.98348,1.70667
20060323,2006-04-13 15:00:00,-29.27466,-28.75145,1.99319
20060323,2006-04-13 16:00:00,-29.33627,-29.16972,1.85733
20060323,2006-04-13 17:00:00,-29.55048,-30.50578,1.69015
20060323,2006-04-13 18:00:00,-28.95047,-29.34276,1.89833
20060323,2006-04-13 19:00:00,-28.97800,-29.57723,1.78533
20060324,2006-04-10 22:00:00,-150.08256,-38.33194,2.61906
20060324,2006-04-10 23:00:00,-149.50053,-38.40371,2.64894
20060324,2006-04-11 00:00:00,-148.78990,-38.47522,2.58570
20060324,2006-04-11 01:00:00,-148.18463,-38.57052,2.54340
20060324,2006-04-11 02:00:00,-147.51512,-38.67505,2.49217
20060324,2006-04-11 03:00:00,-146.78217,-38.78283,2.46586
20060324,2006-04-11 04:00:00,-146.17958,-38.85846,2.37248
20060324,2006-04-11 05:00:00,-145.51567,-38.94635,2.35144
20060324,2006-04-11 06:00:00,-144.87480,-39.07064,2.31143
20060324,2006-04-11 07:00:00,-144.25504,-39.12235,2.33640
20060324,2006-04-11 08:00:00,-143.68362,-39.19044,2.40674
20060324,2006-04-11 09:00:00,-143.23947,-39.13478,2.46342
20060324,2006-04-11 10:00:00,-142.58903,-38.85905,2.88749
20060324,2006-04-11 11:00:00,-142.17535,-39.01888,2.92704
20060324,2006-04-11 12:00:00,-141.73614,-39.14302,2.96393
20060324,2006-04-11 13:00:00,-141.30342,-39.28546,3.06490
20060324,2006-04-11 14:00:00,-140.85973,-39.48721,3.14737
20060324,2006-04-11 15:00:00,-140.39955,-39.69574,3.20958
20060324,2006-04-11 16:00:00,-139.86581,-39.88892,3.27868
20060324,2006-04-11 17:00:00,-139.30844,-40.00307,3.32421
20060324,2006-04-11 18:00:00,-138.81500,-40.10623,3.30119
20060324,2006-04-11 19:00:00,-138.32127,-40.21131,3.30671
20060324,2006-04-11 20:00:00,-137.77480,-40.30453,3.33717
20060324,2006-04-11 21:00:00,-137.28780,-40.39475,3.33805
20060324,2006-04-11 22:00:00,-136.81227,-40.47295,3.26003
20060324,2006-04-11 23:00:00,-136.29704,-40.59674,3.32248
20060324,2006-04-12 00:00:00,-135.76736,-40.69724,3.39723
20060324,2006-04-12 01:00:00,-135.24503,-40.78316,3.44994
20060324,2006-04-12 02:00:00,-134.64575,-40.91114,3.52591
20060324,2006-04-12 03:00:00,-133.94191,-41.01647,3.57256
20060324,2006-04-12 04:00:00,-133.26659,-41.10578,3.58660
20060324,2006-04-12 05:00:00,-132.63228,-41.22153,3.63689
20060324,2006-04-12 06:00:00,-132.05005,-41.35058,3.62029
20060324,2006-04-12 07:00:00,-131.49831,-41.50750,3.65630
20060324,2006-04-12 08:00:00,-130.96527,-41.69982,3.66696
20060324,2006-04-12 09:00:00,-130.44368,-41.85185,3.75188
20060324,2006-04-12 10:00:00,-129.85040,-41.72321,3.80585
20060324,2006-04-12 11:00:00,-129.33166,-41.91589,3.87483
20060324,2006-04-12 12:00:00,-128.76990,-42.07676,3.99710
20060324,2006-04-12 13:00:00,-128.25234,-42.10236,4.03091
20060324,2006-04-12 14:00:00,-127.65251,-42.25278,4.21999
20060324,2006-04-12 15:00:00,-127.13187,-42.36714,4.28862
20060324,2006-04-12 16:00:00,-126.57889,-42.49687,4.45181
20060324,2006-04-12 17:00:00,-126.07106,-42.57412,4.39818
20060324,2006-04-12 18:00:00,-125.55582,-42.71008,4.45838
20060324,2006-04-12 19:00:00,-125.07144,-42.90812,4.62520
20060324,2006-04-12 20:00:00,-124.58084,-43.03199,4.75263
20060324,2006-04-12 21:00:00,-124.15170,-43.14423,4.82845
20060324,2006-04-12 22:00:00,-123.74713,-43.28315,4.90804
20060324,2006-04-12 23:00:00,-123.23335,-43.38300,4.99827
20060324,2006-04-13 00:00:00,-122.71796,-43.46179,4.99961
20060324,2006-04-13 01:00:00,-122.14003,-43.55797,5.01430
20060324,2006-04-13 02:00:00,-121.52582,-43.62620,5.03092
20060324,2006-04-13 03:00:00,-120.93541,-43.64041,4.92448
20060324,2006-04-13 04:00:00,-120.35983,-43.75538,4.88000
20060324,2006-04-13 05:00:00,-119.80933,-43.91821,4.86786
20060324,2006-04-13 06:00:00,-119.28165,-44.08944,4.86480
20060324,2006-04-13 07:00:00,-118.79233,-44.26443,4.86101
20060324,2006-04-13 08:00:00,-118.25822,-44.44272,4.93555
20060324,2006-04-13 09:00:00,-117.79375,-44.59945,5.00930
20060324,2006-04-13 10:00:00,-117.05101,-44.77265,5.20104
20060324,2006-04-13 11:00:00,-116.49274,-44.88630,5.32587
20060324,2006-04-13 12:00:00,-115.92654,-44.97961,5.42401
20060324,2006-04-13 13:00:00,-115.40495,-45.05318,5.51066
20060324,2006-04-13 14:00:00,-114.85631,-45.15057,5.64183
20060324,2006-04-13 15:00:00,-114.45227,-45.24313,5.66706
20060324,2006-04-13 16:00:00,-114.02484,-45.41274,5.68395
20060324,2006-04-13 17:00:00,-113.61989,-45.57912,5.66588
20060324,2006-04-13 18:00:00,-113.24609,-45.77946,5.61192
20060324,2006-04-13 19:00:00,-112.91035,-45.95031,5.51805
20060324,2006-04-13 20:00:00,-112.51952,-46.18119,5.52014
20060324,2006-04-13 21:00:00,-112.18481,-46.35083,5.53420
20060324,2006-04-13 22:00:00,-111.81236,-46.60135,5.75399
20060324,2006-04-13 23:00:00,-111.37614,-46.70261,5.81328
20060324,2006-04-14 00:00:00,-110.97224,-46.77852,5.77962
20060324,2006-04-14 01:00:00,-110.48540,-46.87157,5.74583
20060324,2006-04-14 02:00:00,-110.03165,-47.02496,5.73538
20060324,2006-04-14 03:00:00,-109.57135,-47.21502,5.65065
20060324,2006-04-14 04:00:00,-109.07391,-47.40159,5.57851
20060324,2006-04-14 05:00:00,-108.63551,-47.61053,5.49199
20060324,2006-04-14 06:00:00,-108.14775,-47.79235,5.48101
20060324,2006-04-14 07:00:00,-107.70465,-47.96712,5.45789
20060324,2006-04-14 08:00:00,-107.20023,-48.09998,5.50658
20060324,2006-04-14 09:00:00,-106.79051,-48.26550,5.54198
20060324,2006-04-14 10:00:00,-106.59306,-48.52325,5.62036
20060324,2006-04-14 11:00:00,-106.19687,-48.63127,5.51921
20060324,2006-04-14 12:00:00,-105.67857,-48.74800,5.36584
20060324,2006-04-14 13:00:00,-104.85419,-48.87575,5.24956
20060324,2006-04-14 14:00:00,-103.97040,-49.03798,5.24023
20060324,2006-04-14 15:00:00,-103.11511,-49.23800,5.25637
20060324,2006-04-14 16:00:00,-102.44730,-49.45278,5.31713
20060324,2006-04-14 17:00:00,-102.00775,-49.67072,5.33975
20060324,2006-04-14 18:00:00,-101.62338,-49.95580,5.35950
20060324,2006-04-14 19:00:00,-101.33463,-50.27508,5.32834
20060324,2006-04-14 20:00:00,-101.05039,-50.61400,5.27927
20060324,2006-04-14 21:00:00,-100.70816,-50.96977,5.24165
20060324,2006-04-14 22:00:00,-100.61368,-51.79370,5.36609
20060324,2006-04-14 23:00:00,-100.11023,-52.24959,5.25088
20060324,2006-04-15 00:00:00,-99.42520,-52.77890,5.15040
20060324,2006-04-15 01:00:00,-98.71713,-53.25777,5.08767
20060324,2006-04-15 02:00:00,-98.08875,-53.61440,5.03682
20060324,2006-04-15 03:00:00,-97.52753,-53.84861,5.00275
20060324,2006-04-15 04:00:00,-97.04782,-53.98270,4.94526
20060324,2006-04-15 05:00:00,-96.61423,-54.09862,4.90042
20060324,2006-04-15 06:00:00,-96.17712,-54.26123,4.85215
20060324,2006-04-15 07:00:00,-95.71936,-54.49269,4.80510
20060324,2006-04-15 08:00:00,-95.16415,-54.80367,4.80573
20060324,2006-04-15 09:00:00,-94.62186,-55.15564,4.83714
20060324,2006-04-15 10:00:00,-94.22110,-55.48613,4.95531
20060324,2006-04-15 11:00:00,-93.60269,-55.80242,4.88743
20060324,2006-04-15 12:00:00,-92.87384,-56.12107,4.85378
20060324,2006-04-15 13:00:00,-92.06207,-56.40354,4.80794
20060324,2006-04-15 14:00:00,-91.36295,-56.60067,4.72719
20060324,2006-04-15 15:00:00,-90.58392,-56.78978,4.63457
20060324,2006-04-15 16:00:00,-89.91650,-56.94198,4.58745
20060324,2006-04-15 17:00:00,-89.30972,-57.08465,4.54317
20060324,2006-04-15 18:00:00,-88.52954,-57.26358,4.45985
20060324,2006-04-15 19:00:00,-87.48270,-57.52384,4.32325
20060324,2006-04-15 20:00:00,-86.31238,-57.82321,4.21215
20060324,2006-04-15 21:00:00,-85.00076,-58.16358,4.13066
20060324,2006-04-15 22:00:00,-84.62726,-58.13036,4.16286
20060324,2006-04-15 23:00:00,-83.62341,-58.30442,3.98675
20060324,2006-04-16 00:00:00,-82.52823,-58.50396,3.84071
20060324,2006-04-16 01:00:00,-81.39078,-58.73544,3.69352
20060324,2006-04-16 02:00:00,-80.35599,-58.94455,3.54302
20060324,2006-04-16 03:00:00,-79.27228,-59.14255,3.37847
20060324,2006-04-16 04:00:00,-78.20767,-59.31996,3.22471
20060324,2006-04-16 05:00:00,-77.07275,-59.51612,3.05308
20060324,2006-04-16 06:00:00,-75.76944,-59.74715,2.91962
20060324,2006-04-16 07:00:00,-74.31738,-59.96977,2.79761
20060324,2006-04-16 08:00:00,-72.80640,-60.14569,2.66247
20060324,2006-04-16 09:00:00,-71.06488,-60.36063,2.53325
20060324,2006-04-16 10:00:00,-68.30539,-60.72859,2.46441
20060324,2006-04-16 11:00:00,-66.28748,-60.88891,2.35394
20060324,2006-04-16 12:00:00,-64.27631,-61.00789,2.30533
20060324,2006-04-16 13:00:00,-62.50220,-61.03014,2.28213
20060324,2006-04-16 14:00:00,-61.33038,-60.90324,2.22213
20060324,2006-04-16 15:00:00,-60.10455,-60.76075,2.12505
20060325,2006-04-10 22:00:00,-72.41254,-43.52614,2.31233
20060325,2006-04-10 23:00:00,-71.97394,-43.59692,2.31570
20060325,2006-04-11 00:00:00,-70.45963,-43.96707,2.28495
20060325,2006-04-11 01:00:00,-70.10422,-43.89526,2.24051
20060325,2006-04-11 02:00:00,-70.19693,-43.76315,2.12323
20060325,2006-04-11 03:00:00,-68.29077,-44.11578,1.98542
20060325,2006-04-11 04:00:00,-66.34177,-44.51504,1.83292
20060325,2006-04-11 05:00:00,-65.11362,-44.82473,1.76452
20060325,2006-04-11 06:00:00,-64.42499,-45.00959,1.74491
20060325,2006-04-11 07:00:00,-63.86511,-45.20608,1.79110
20060325,2006-04-11 08:00:00,-63.25464,-45.39172,1.79421
20060325,2006-04-11 09:00:00,-62.85641,-45.47023,1.83441
20060325,2006-04-11 10:00:00,-62.21765,-45.76152,1.78532
20060325,2006-04-11 11:00:00,-61.77014,-45.88142,1.80732
20060325,2006-04-11 12:00:00,-61.46515,-45.89386,1.82617
20060325,2006-04-11 13:00:00,-61.23734,-45.89305,1.86566
20060325,2006-04-11 14:00:00,-60.97333,-45.93605,1.94054
20060325,2006-04-11 15:00:00,-60.51526,-46.10624,1.99685
20060325,2006-04-11 16:00:00,-59.87872,-46.42410,2.03713
20060325,2006-04-11 17:00:00,-59.46027,-46.57761,2.05020
20060325,2006-04-11 18:00:00,-58.83246,-46.91201,2.04941
20060325,2006-04-11 19:00:00,-57.97705,-47.47280,2.06217
20060325,2006-04-11 20:00:00,-57.08917,-48.04952,2.06944
20060325,2006-04-11 21:00:00,-56.17206,-48.63585,2.10057
20060325,2006-04-11 22:00:00,-55.23236,-49.04347,1.84427
20060325,2006-04-11 23:00:00,-54.46161,-49.44518,1.86992
20060325,2006-04-12 00:00:00,-54.20429,-49.58124,1.93550
20060325,2006-04-12 01:00:00,-53.92563,-49.70707,2.02012
20060325,2006-04-12 02:00:00,-53.56671,-49.85464,2.13348
20060325,2006-04-12 03:00:00,-52.87646,-50.12450,2.28687
20060325,2006-04-12 04:00:00,-51.88901,-50.54233,2.41081
20060325,2006-04-12 05:00:00,-50.92822,-50.99268,2.51674
20060325,2006-04-12 06:00:00,-49.45502,-51.61943,2.62168
20060325,2006-04-12 07:00:00,-48.29547,-52.10441,2.80735
20060325,2006-04-12 08:00:00,-47.25549,-52.52294,3.00884
20060325,2006-04-12 09:00:00,-46.08737,-52.95398,3.22306
20060325,2006-04-12 10:00:00,-45.08426,-53.17000,3.01873
20060325,2006-04-12 11:00:00,-44.24945,-53.43240,3.20821
20060325,2006-04-12 12:00:00,-43.28796,-53.70594,3.40678
20060325,2006-04-12 13:00:00,-42.44940,-53.95692,3.55066
20060325,2006-04-12 14:00:00,-41.80981,-54.16450,3.66856
20060325,2006-04-12 15:00:00,-41.17627,-54.37741,3.75496
20060325,2006-04-12 16:00:00,-40.60257,-54.59226,3.87026
20060325,2006-04-12 17:00:00,-40.10812,-54.79444,4.08133
20060325,2006-04-12 18:00:00,-39.60278,-54.98083,4.28847
20060325,2006-04-12 19:00:00,-39.12881,-55.14716,4.44582
20060325,2006-04-12 20:00:00,-38.64179,-55.30740,4.58505
20060325,2006-04-12 21:00:00,-38.00729,-55.49655,4.73345
20060325,2006-04-12 22:00:00,-37.34006,-55.62572,5.03371
20060325,2006-04-12 23:00:00,-36.92700,-55.73462,5.12224
20060325,2006-04-13 00:00:00,-36.81662,-55.80990,5.26436
20060325,2006-04-13 01:00:00,-36.99002,-55.85405,5.45978
20060325,2006-04-13 02:00:00,-37.31625,-55.91558,5.70750
20060325,2006-04-13 03:00:00,-37.45624,-56.00462,5.97286
20060325,2006-04-13 04:00:00,-37.26227,-56.15382,6.14944
20060325,2006-04-13 05:00:00,-36.88739,-56.33838,6.40872
20060325,2006-04-13 06:00:00,-36.26733,-56.50733,6.70645
20060325,2006-04-13 07:00:00,-35.62155,-56.68286,6.96782
20060325,2006-04-13 08:00:00,-35.03522,-56.81801,7.24915
20060325,2006-04-13 09:00:00,-34.36618,-56.95972,7.52416
20060325,2006-04-13 10:00:00,-33.59686,-56.90916,7.87556
20060325,2006-04-13 11:00:00,-33.06815,-56.96989,8.12137
20060325,2006-04-13 12:00:00,-32.52771,-57.02184,8.39719
20060325,2006-04-13 13:00:00,-31.95868,-57.11815,8.58084
20060325,2006-04-13 14:00:00,-31.36832,-57.21223,8.81564
20060325,2006-04-13 15:00:00,-30.74451,-57.28761,9.08783
20060325,2006-04-13 16:00:00,-30.09570,-57.35541,9.46954
20060325,2006-04-13 17:00:00,-29.39496,-57.43189,9.82549
20060325,2006-04-13 18:00:00,-28.60513,-57.45395,9.94821
20060325,2006-04-13 19:00:00,-27.86319,-57.46767,10.10698
20060325,2006-04-13 20:00:00,-27.11777,-57.47474,10.22443
20060325,2006-04-13 21:00:00,-26.34103,-57.48149,10.30201
20060325,2006-04-13 22:00:00,-25.35925,-57.55622,10.69834
20060325,2006-04-13 23:00:00,-24.66852,-57.57827,10.84766
20060325,2006-04-14 00:00:00,-24.05032,-57.62075,11.10794
20060325,2006-04-14 01:00:00,-23.42117,-57.64550,11.29671
20060325,2006-04-14 02:00:00,-22.79968,-57.71045,11.42072
20060325,2006-04-14 03:00:00,-22.22165,-57.72172,11.47399
20060325,2006-04-14 04:00:00,-21.70978,-57.71965,11.53444
20060325,2006-04-14 05:00:00,-21.13946,-57.70010,11.56263
20060325,2006-04-14 06:00:00,-20.46634,-57.72189,11.74478
20060325,2006-04-14 07:00:00,-19.75583,-57.73188,12.05664
20060325,2006-04-14 08:00:00,-19.03342,-57.71720,12.31323
20060325,2006-04-14 09:00:00,-18.39935,-57.63269,12.36407
20060325,2006-04-14 10:00:00,-17.51828,-57.58468,12.62423
20060325,2006-04-14 11:00:00,-16.93222,-57.47333,12.54309
20060325,2006-04-14 12:00:00,-16.35037,-57.34022,12.42388
20060325,2006-04-14 13:00:00,-15.70529,-57.22207,12.46414
20060325,2006-04-14 14:00:00,-15.04184,-57.07156,12.40157
20060325,2006-04-14 15:00:00,-14.24884,-56.95980,12.27301
20060325,2006-04-14 16:00:00,-13.44550,-56.79728,12.11162
20060325,2006-04-14 17:00:00,-12.57486,-56.58627,11.88104
20060325,2006-04-14 18:00:00,-11.69980,-56.38175,11.64808
20060325,2006-04-14 19:00:00,-10.79849,-56.21588,11.47037
20060325,2006-04-14 20:00:00,-9.89978,-56.02320,11.32024
20060325,2006-04-14 21:00:00,-8.97028,-55.81506,11.17015
20060325,2006-04-14 22:00:00,-8.20740,-55.62723,10.58359
20060325,2006-04-14 23:00:00,-7.10934,-55.51172,10.37850
20060325,2006-04-15 00:00:00,-6.06805,-55.37247,10.19334
20060325,2006-04-15 01:00:00,-4.95303,-55.24951,9.97475
20060325,2006-04-15 02:00:00,-3.74960,-55.14695,9.77706
20060325,2006-04-15 03:00:00,-2.63901,-55.06353,9.62063
20060325,2006-04-15 04:00:00,-1.43903,-54.99502,9.42087
20060325,2006-04-15 05:00:00,-0.32034,-54.87872,9.31001
20060325,2006-04-15 06:00:00,0.83910,-54.80230,9.16902
20060325,2006-04-15 07:00:00,1.86979,-54.68935,9.09387
20060325,2006-04-15 08:00:00,2.93883,-54.63180,8.95750
20060325,2006-04-15 09:00:00,3.94852,-54.54521,8.82578
20060325,2006-04-15 10:00:00,4.96767,-54.47443,8.42364
20060325,2006-04-15 11:00:00,5.91708,-54.35589,8.28029
20060325,2006-04-15 12:00:00,6.90869,-54.34089,8.13820
20060325,2006-04-15 13:00:00,7.90846,-54.33041,7.99508
20060325,2006-04-15 14:00:00,8.90547,-54.29122,7.87746
20060325,2006-04-15 15:00:00,9.94943,-54.31640,7.74139
20060325,2006-04-15 16:00:00,11.02250,-54.45678,7.60231
20060325,2006-04-15 17:00:00,12.11086,-54.60486,7.52979
20060325,2006-04-15 18:00:00,13.11572,-54.73405,7.40270
20060325,2006-04-15 19:00:00,14.04357,-54.93308,7.34091
20060325,2006-04-15 20:00:00,14.87959,-54.96938,7.26147
20060325,2006-04-15 21:00:00,15.65998,-55.05487,7.19020
20060325,2006-04-15 22:00:00,16.58372,-54.92896,7.04217
20060325,2006-04-15 23:00:00,17.18421,-55.01109,6.97173
20060325,2006-04-16 00:00:00,17.73529,-55.00831,6.98402
20060325,2006-04-16 01:00:00,18.32510,-55.07317,6.90000
20060325,2006-04-16 02:00:00,18.93723,-55.11860,6.81947
20060325,2006-04-16 03:00:00,19.60709,-55.14203,6.73756
20060325,2006-04-16 04:00:00,20.27296,-55.14484,6.62360
20060325,2006-04-16 05:00:00,20.91425,-55.12133,6.54061
20060325,2006-04-16 06:00:00,21.62654,-55.11731,6.40567
20060325,2006-04-16 07:00:00,22.31112,-55.10573,6.27591
20060325,2006-04-16 08:00:00,22.96069,-55.08795,6.17828
20060325,2006-04-16 09:00:00,23.57668,-55.09531,6.08633
20060325,2006-04-16 10:00:00,24.18231,-55.40798,5.89976
20060325,2006-04-16 11:00:00,24.60499,-55.32034,5.82463
20060325,2006-04-16 12:00:00,25.07636,-55.31660,5.71825
20060325,2006-04-16 13:00:00,25.65107,-55.44382,5.64034
20060325,2006-04-16 14:00:00,26.19916,-55.69612,5.58118
20060325,2006-04-16 15:00:00,26.76374,-55.92048,5.54894
20060325,2006-04-16 16:00:00,27.39889,-56.17632,5.51600
20060325,2006-04-16 17:00:00,27.99307,-56.32630,5.49530
20060325,2006-04-16 18:00:00,28.60598,-56.43601,5.47349
20060325,2006-04-16 19:00:00,29.10143,-56.46900,5.44616
20060325,2006-04-16 20:00:00,29.53845,-56.49285,5.39803
20060325,2006-04-16 21:00:00,29.95779,-56.55887,5.35596
20060325,2006-04-16 22:00:00,29.99400,-56.40318,5.30633
20060325,2006-04-16 23:00:00,30.17355,-56.20256,5.28651
20060325,2006-04-17 00:00:00,30.43072,-56.19817,5.26208
20060325,2006-04-17 01:00:00,30.73456,-56.22623,5.17966
20060325,2006-04-17 02:00:00,31.10654,-56.21220,5.15601
20060325,2006-04-17 03:00:00,31.69179,-56.25871,5.12108
20060325,2006-04-17 04:00:00,32.33414,-56.37207,5.10548
20060325,2006-04-17 05:00:00,32.90349,-56.47177,5.06449
20060325,2006-04-17 06:00:00,33.43601,-56.55122,5.03090
20060325,2006-04-17 07:00:00,33.94492,-56.62252,4.96826
20060325,2006-04-17 08:00:00,34.33961,-56.67094,4.85642
20060325,2006-04-17 09:00:00,34.62871,-56.67962,4.73473
20060325,2006-04-17 10:00:00,34.11679,-55.96166,4.79856
20060325,2006-04-17 11:00:00,34.42497,-55.84984,4.65210
20060325,2006-04-17 12:00:00,34.71773,-55.70519,4.50486
20060325,2006-04-17 13:00:00,35.02209,-55.53422,4.34920
20060325,2006-04-17 14:00:00,35.23935,-55.26469,4.26783
20060325,2006-04-17 15:00:00,35.46783,-54.97823,4.16956
20060325,2006-04-17 16:00:00,35.71403,-54.67564,4.09417
20060325,2006-04-17 17:00:00,35.98355,-54.41748,4.00100
20060325,2006-04-17 18:00:00,36.26391,-54.16407,3.85866
20060325,2006-04-17 19:00:00,36.56716,-53.91433,3.69296
20060325,2006-04-17 20:00:00,36.95850,-53.67412,3.49884
20060326,2006-04-11 03:00:00,155.97407,-67.51794,3.90987
20060326,2006-04-11 04:00:00,156.80176,-67.63387,4.03652
20060326,2006-04-11 05:00:00,157.57468,-67.75124,4.13087
20060326,2006-04-11 06:00:00,158.37019,-67.86663,4.15858
20060326,2006-04-11 07:00:00,159.20929,-67.98521,4.08705
20060326,2006-04-11 08:00:00,160.21188,-68.10520,3.96866
20060326,2006-04-11 09:00:00,161.34100,-68.21668,3.83246
20060326,2006-04-11 10:00:00,163.11104,-68.34887,3.61434
20060326,2006-04-11 11:00:00,165.13705,-68.45674,3.51097
20060326,2006-04-11 12:00:00,167.68030,-68.52183,3.43990
20060326,2006-04-11 13:00:00,170.69357,-68.55959,3.45286
20060326,2006-04-11 14:00:00,173.45024,-68.57759,3.49886
20060326,2006-04-11 15:00:00,175.47444,-68.59457,3.48532
20060326,2006-04-11 16:00:00,177.45833,-68.60787,3.45437
20060326,2006-04-11 17:00:00,178.90457,-68.63129,3.38258
20060326,2006-04-11 18:00:00,-179.63139,-68.65395,3.28669
20060326,2006-04-11 19:00:00,-178.16434,-68.69357,3.16722
20060326,2006-04-11 20:00:00,-176.81694,-68.76543,3.05721
20060326,2006-04-11 21:00:00,-175.46602,-68.85665,2.95750
20060326,2006-04-11 22:00:00,-172.62372,-69.13465,2.70676
20060326,2006-04-11 23:00:00,-170.48201,-69.34275,2.60455
20060326,2006-04-12 00:00:00,-167.07811,-69.59923,2.55598
20060326,2006-04-12 01:00:00,-161.95116,-69.92468,2.60543
20060326,2006-04-12 02:00:00,-158.96729,-70.05416,2.69861
20060326,2006-04-12 03:00:00,-156.40729,-70.11919,2.82069
20060326,2006-04-12 04:00:00,-154.88396,-70.07471,2.95351
20060326,2006-04-12 05:00:00,-153.59256,-70.01473,3.08780
20060326,2006-04-12 06:00:00,-152.22201,-69.96338,3.23068
20060326,2006-04-12 07:00:00,-150.66293,-69.92506,3.36449
20060326,2006-04-12 08:00:00,-149.04497,-69.89513,3.53550
20060326,2006-04-12 09:00:00,-147.35023,-69.86443,3.75634
20060326,2006-04-12 10:00:00,-145.89963,-69.80528,4.16638
20060326,2006-04-12 11:00:00,-144.31206,-69.77707,4.44224
20060326,2006-04-12 12:00:00,-142.60707,-69.73693,4.79795
20060326,2006-04-12 13:00:00,-140.99693,-69.70031,5.15088
20060326,2006-04-12 14:00:00,-139.34486,-69.68713,5.49528
20060326,2006-04-12 15:00:00,-137.69133,-69.70168,5.80725
20060326,2006-04-12 16:00:00,-136.10580,-69.76134,6.02940
20060326,2006-04-12 17:00:00,-134.48526,-69.85189,6.21168
20060326,2006-04-12 18:00:00,-132.89996,-69.97076,6.32102
20060326,2006-04-12 19:00:00,-131.28229,-70.12758,6.48510
20060326,2006-04-12 20:00:00,-129.80579,-70.25140,6.60661
20060326,2006-04-12 21:00:00,-128.33070,-70.36552,6.61538
20060326,2006-04-12 22:00:00,-126.06190,-70.49219,6.84964
20060326,2006-04-12 23:00:00,-124.60204,-70.61055,6.98213
20060326,2006-04-13 00:00:00,-123.18108,-70.70248,7.10891
20060326,2006-04-13 01:00:00,-121.66023,-70.79706,7.20921
20060326,2006-04-13 02:00:00,-120.15335,-70.89693,7.24842
20060326,2006-04-13 03:00:00,-118.62622,-71.00729,7.26886
20060326,2006-04-13 04:00:00,-117.11557,-71.12316,7.35973
20060326,2006-04-13 05:00:00,-115.74043,-71.21915,7.45771
20060326,2006-04-13 06:00:00,-114.42439,-71.33296,7.55957
20060326,2006-04-13 07:00:00,-113.11993,-71.47348,7.66282
20060326,2006-04-13 08:00:00,-111.94775,-71.61420,7.75981
20060326,2006-04-13 09:00:00,-111.02670,-71.73591,7.83784
20060326,2006-04-13 10:00:00,-110.11995,-71.81630,7.85599
20060326,2006-04-13 11:00:00,-109.24320,-71.93861,8.01758
20060326,2006-04-13 12:00:00,-108.42891,-72.06872,8.15252
20060326,2006-04-13 13:00:00,-107.45401,-72.19941,8.21664
20060326,2006-04-13 14:00:00,-106.22916,-72.28830,8.19715
20060326,2006-04-13 15:00:00,-104.93652,-72.32980,8.13046
20060326,2006-04-13 16:00:00,-103.82459,-72.37676,8.11488
20060326,2006-04-13 17:00:00,-102.82398,-72.44951,8.15668
20060326,2006-04-13 18:00:00,-101.87909,-72.51221,8.19350
20060326,2006-04-13 19:00:00,-100.97421,-72.56667,8.23048
20060326,2006-04-13 20:00:00,-100.01791,-72.59278,8.23970
20060326,2006-04-13 21:00:00,-99.02429,-72.56762,8.20859
20060326,2006-04-13 22:00:00,-97.38058,-72.60135,8.13530
20060326,2006-04-13 23:00:00,-96.26199,-72.60129,8.03463
20060326,2006-04-14 00:00:00,-94.96435,-72.66509,7.98700
20060326,2006-04-14 01:00:00,-93.69778,-72.71580,7.87974
20060326,2006-04-14 02:00:00,-92.44098,-72.73692,7.64691
20060326,2006-04-14 03:00:00,-91.18896,-72.80759,7.60284
20060326,2006-04-14 04:00:00,-89.74899,-72.86796,7.52677
20060326,2006-04-14 05:00:00,-88.34238,-72.94871,7.41096
20060326,2006-04-14 06:00:00,-87.10577,-73.07616,7.17780
20060326,2006-04-14 07:00:00,-85.73416,-73.23686,6.90427
20060326,2006-04-14 08:00:00,-84.21344,-73.46800,6.86282
20060326,2006-04-14 09:00:00,-82.75348,-73.64391,6.80516
20060326,2006-04-14 10:00:00,-81.44922,-73.77885,6.50384
20060326,2006-04-14 11:00:00,-79.97171,-73.91472,6.05148
20060326,2006-04-14 12:00:00,-78.45004,-74.07058,5.71085
20060326,2006-04-14 13:00:00,-77.14398,-74.35509,5.36583
20060326,2006-04-14 14:00:00,-75.93506,-74.78626,5.01803
20060326,2006-04-14 15:00:00,-74.42700,-75.28748,4.65448
20060326,2006-04-14 16:00:00,-72.95343,-75.78844,4.45760
20060326,2006-04-14 17:00:00,-71.42783,-76.23861,4.22729
20060326,2006-04-14 18:00:00,-70.23547,-76.67865,3.85467
20060326,2006-04-14 19:00:00,-69.04822,-77.22351,3.53909
20060326,2006-04-14 20:00:00,-68.22119,-77.78089,3.33141
20060327,2006-04-11 08:00:00,28.72954,-32.38086,1.21899
20060327,2006-04-11 09:00:00,28.52345,-32.31470,1.41934
20060327,2006-04-11 10:00:00,28.58255,-32.51502,1.48785
20060327,2006-04-11 11:00:00,28.57217,-32.33362,1.56377
20060327,2006-04-11 12:00:00,28.50467,-32.05137,1.59673
20060327,2006-04-11 13:00:00,28.50213,-31.80721,1.52575
20060327,2006-04-11 14:00:00,28.24074,-31.67411,1.67281
20060327,2006-04-11 15:00:00,28.18022,-31.42617,1.83491
20060327,2006-04-11 16:00:00,28.25562,-31.38143,1.96012
20060327,2006-04-11 17:00:00,28.18188,-31.26251,1.98342
20060327,2006-04-11 18:00:00,28.24161,-31.21372,2.09854
20060327,2006-04-11 19:00:00,28.33111,-31.16202,2.05778
20060327,2006-04-11 20:00:00,28.58888,-31.10443,2.00038
20060327,2006-04-11 21:00:00,28.82570,-31.18524,1.89599
20060327,2006-04-11 22:00:00,30.26756,-31.62574,1.73292
20060327,2006-04-11 23:00:00,30.64189,-31.72908,1.63752
20060327,2006-04-12 00:00:00,31.25777,-31.63053,1.60236
20060327,2006-04-12 01:00:00,31.84665,-31.47586,1.65413
20060327,2006-04-12 02:00:00,32.30039,-31.28058,1.72454
20060327,2006-04-12 03:00:00,32.42008,-31.14934,1.81215
20060327,2006-04-12 04:00:00,32.64771,-30.97377,1.94979
20060327,2006-04-12 05:00:00,32.77219,-30.85319,2.05767
20060327,2006-04-12 06:00:00,32.77342,-30.79777,2.18768
20060327,2006-04-12 07:00:00,32.79271,-30.72441,2.30567
20060327,2006-04-12 08:00:00,32.57360,-30.69326,2.39839
20060327,2006-04-12 09:00:00,32.41663,-30.67343,2.56006
20060327,2006-04-12 10:00:00,32.50920,-31.15682,2.62100
20060327,2006-04-12 11:00:00,32.50925,-31.11242,2.62297
20060327,2006-04-12 12:00:00,32.47881,-31.02758,2.56053
20060327,2006-04-12 13:00:00,32.44452,-31.02103,2.48122
20060327,2006-04-12 14:00:00,32.42609,-30.92093,2.40388
20060327,2006-04-12 15:00:00,32.46903,-30.83265,2.36953
20060327,2006-04-12 16:00:00,32.56412,-30.76508,2.38163
20060327,2006-04-12 17:00:00,32.61560,-30.73190,2.39662
20060327,2006-04-12 18:00:00,32.80086,-30.77530,2.39809
20060327,2006-04-12 19:00:00,33.08255,-30.84144,2.41967
20060327,2006-04-12 20:00:00,33.30850,-30.91451,2.48937
20060327,2006-04-12 21:00:00,33.60301,-30.99721,2.52578
20060327,2006-04-12 22:00:00,34.57392,-31.07548,3.01422
20060327,2006-04-12 23:00:00,34.72268,-31.10595,3.18668
20060327,2006-04-13 00:00:00,34.83232,-31.13255,3.31514
20060327,2006-04-13 01:00:00,35.00108,-31.16843,3.41534
20060327,2006-04-13 02:00:00,35.11184,-31.17641,3.51020
20060327,2006-04-13 03:00:00,35.33915,-31.20853,3.63905
20060327,2006-04-13 04:00:00,35.49818,-31.28600,3.63764
20060327,2006-04-13 05:00:00,35.65587,-31.41028,3.64780
20060327,2006-04-13 06:00:00,35.75866,-31.53138,3.70740
20060327,2006-04-13 07:00:00,35.80800,-31.66271,3.68939
20060327,2006-04-13 08:00:00,35.86020,-31.87338,3.73223
20060327,2006-04-13 09:00:00,35.99312,-32.06013,3.75558
20060327,2006-04-13 10:00:00,36.08727,-32.18579,4.07351
20060327,2006-04-13 11:00:00,36.17134,-32.42683,4.05059
20060327,2006-04-13 12:00:00,36.33799,-32.70761,4.07948
20060327,2006-04-13 13:00:00,36.43364,-32.94450,4.10961
20060327,2006-04-13 14:00:00,36.57444,-33.17667,4.15805
20060327,2006-04-13 15:00:00,36.72310,-33.45579,4.27027
20060327,2006-04-13 16:00:00,36.84338,-33.67526,4.36136
20060327,2006-04-13 17:00:00,37.03033,-33.92178,4.44669
20060327,2006-04-13 18:00:00,37.25961,-34.14523,4.54966
20060327,2006-04-13 19:00:00,37.52757,-34.30541,4.52178
20060327,2006-04-13 20:00:00,37.88001,-34.52719,4.53387
20060327,2006-04-13 21:00:00,38.21302,-34.73066,4.47669
20060327,2006-04-13 22:00:00,38.65852,-35.23122,4.71798
20060327,2006-04-13 23:00:00,38.93926,-35.65720,4.59948
20060327,2006-04-14 00:00:00,39.21853,-36.24122,4.46247
20060327,2006-04-14 01:00:00,39.50062,-36.79987,4.33126
20060327,2006-04-14 02:00:00,39.78884,-37.42089,4.19472
20060327,2006-04-14 03:00:00,40.13399,-38.12237,4.10333
20060327,2006-04-14 04:00:00,40.51506,-38.95152,4.02406
20060327,2006-04-14 05:00:00,40.95057,-39.79657,4.06916
20060327,2006-04-14 06:00:00,41.41587,-40.66275,4.21331
20060327,2006-04-14 07:00:00,41.88732,-41.42400,4.26426
20060327,2006-04-14 08:00:00,42.43689,-42.38430,4.43319
20060327,2006-04-14 09:00:00,43.05277,-43.07015,4.61319
20060327,2006-04-14 10:00:00,44.25169,-43.33811,4.38647
20060327,2006-04-14 11:00:00,45.06820,-44.09106,4.70264
20060327,2006-04-14 12:00:00,45.83019,-44.66408,4.83995
20060327,2006-04-14 13:00:00,46.54742,-45.15373,5.14407
20060327,2006-04-14 14:00:00,47.33907,-45.76200,5.31525
20060327,2006-04-14 15:00:00,48.05734,-46.21505,5.42168
20060327,2006-04-14 16:00:00,49.09311,-46.98870,5.30839
20060327,2006-04-14 17:00:00,50.21634,-47.80927,5.20902
20060327,2006-04-14 18:00:00,50.90086,-48.09880,5.20515
20060327,2006-04-14 19:00:00,51.63071,-48.37682,5.08318
20060327,2006-04-14 20:00:00,52.32888,-48.64695,5.00771
20060328,2006-04-12 00:00:00,-88.76373,-65.19272,3.36821
20060328,2006-04-12 01:00:00,-88.26645,-64.66854,3.43776
20060328,2006-04-12 02:00:00,-87.55939,-64.32384,3.53126
20060328,2006-04-12 03:00:00,-86.66757,-64.13059,3.63789
20060328,2006-04-12 04:00:00,-85.70154,-64.03484,3.73253
20060328,2006-04-12 05:00:00,-84.82867,-63.91158,3.81870
20060328,2006-04-12 06:00:00,-83.79605,-63.86881,3.92164
20060328,2006-04-12 07:00:00,-82.83423,-63.78622,4.05603
20060328,2006-04-12 08:00:00,-81.94595,-63.63464,4.16658
20060328,2006-04-12 09:00:00,-81.07037,-63.48672,4.28754
20060328,2006-04-12 10:00:00,-80.04517,-63.62827,4.32015
20060328,2006-04-12 11:00:00,-79.28894,-63.34416,4.43152
20060328,2006-04-12 12:00:00,-78.48135,-63.22228,4.54128
20060328,2006-04-12 13:00:00,-77.72299,-63.10877,4.63740
20060328,2006-04-12 14:00:00,-76.97461,-62.97427,4.68096
20060328,2006-04-12 15:00:00,-76.27258,-62.89312,4.73269
20060328,2006-04-12 16:00:00,-75.47366,-62.99411,4.74636
20060328,2006-04-12 17:00:00,-74.77112,-62.87410,4.76463
20060328,2006-04-12 18:00:00,-73.92294,-62.92319,4.76436
20060328,2006-04-12 19:00:00,-73.08710,-62.95512,4.76970
20060328,2006-04-12 20:00:00,-72.31821,-62.92097,4.79632
20060328,2006-04-12 21:00:00,-71.53986,-62.98659,4.81940
20060328,2006-04-12 22:00:00,-70.96478,-63.49266,4.82427
20060328,2006-04-12 23:00:00,-70.35648,-63.35230,4.83278
20060328,2006-04-13 00:00:00,-69.82800,-63.16519,4.88098
20060328,2006-04-13 01:00:00,-69.31418,-62.88889,4.94454
20060328,2006-04-13 02:00:00,-68.79382,-62.63258,5.03056
20060328,2006-04-13 03:00:00,-68.26758,-62.37609,5.12123
20060328,2006-04-13 04:00:00,-67.66995,-62.01668,5.19633
20060328,2006-04-13 05:00:00,-67.06348,-61.60003,5.27632
20060328,2006-04-13 06:00:00,-66.46188,-61.10955,5.37121
20060328,2006-04-13 07:00:00,-65.88071,-60.45662,5.45732
20060328,2006-04-13 08:00:00,-65.40359,-60.06750,5.50380
20060328,2006-04-13 09:00:00,-64.91693,-59.58894,5.59116
20060328,2006-04-13 10:00:00,-64.04886,-59.35933,5.59550
20060328,2006-04-13 11:00:00,-63.61877,-59.16875,5.61662
20060328,2006-04-13 12:00:00,-63.25183,-58.94748,5.63536
20060328,2006-04-13 13:00:00,-62.91483,-58.75487,5.68684
20060328,2006-04-13 14:00:00,-62.52179,-58.56173,5.68252
20060328,2006-04-13 15:00:00,-62.12122,-58.25318,5.71400
20060328,2006-04-13 16:00:00,-61.77249,-58.02108,5.70401
20060328,2006-04-13 17:00:00,-61.43622,-57.88269,5.69521
20060328,2006-04-13 18:00:00,-61.07205,-57.72311,5.72609
20060328,2006-04-13 19:00:00,-60.76389,-57.61991,5.75534
20060328,2006-04-13 20:00:00,-60.54932,-57.54737,5.72907
20060328,2006-04-13 21:00:00,-60.40790,-57.43347,5.72359
20060328,2006-04-13 22:00:00,-60.24863,-57.50143,5.62187
20060328,2006-04-13 23:00:00,-60.08325,-57.28366,5.44832
20060328,2006-04-14 00:00:00,-60.02289,-57.06399,5.38361
20060328,2006-04-14 01:00:00,-59.81494,-56.76321,5.32962
20060328,2006-04-14 02:00:00,-59.53271,-56.35741,5.31298
20060328,2006-04-14 03:00:00,-59.34036,-55.93216,5.31800
20060328,2006-04-14 04:00:00,-59.22549,-55.52632,5.35166
20060328,2006-04-14 05:00:00,-58.97476,-55.05792,5.43319
20060328,2006-04-14 06:00:00,-58.81885,-54.73403,5.49932
20060328,2006-04-14 07:00:00,-58.61334,-54.42394,5.53551
20060328,2006-04-14 08:00:00,-58.44522,-54.20714,5.52191
20060328,2006-04-14 09:00:00,-58.35617,-54.02918,5.49972
20060328,2006-04-14 10:00:00,-58.06012,-53.58510,5.55979
20060328,2006-04-14 11:00:00,-57.86099,-53.37738,5.53732
20060328,2006-04-14 12:00:00,-57.76508,-53.17313,5.52431
20060328,2006-04-14 13:00:00,-57.56381,-52.96228,5.54873
20060328,2006-04-14 14:00:00,-57.34836,-52.69842,5.58930
20060328,2006-04-14 15:00:00,-57.13644,-52.43612,5.58064
20060328,2006-04-14 16:00:00,-56.86758,-52.19372,5.57459
20060328,2006-04-14 17:00:00,-56.62125,-51.94706,5.61906
20060328,2006-04-14 18:00:00,-56.42953,-51.71389,5.66004
20060328,2006-04-14 19:00:00,-56.26230,-51.45985,5.71901
20060328,2006-04-14 20:00:00,-56.07111,-51.25531,5.84171
20060328,2006-04-14 21:00:00,-55.86615,-51.04234,5.86561
20060329,2006-04-12 10:00:00,-10.34744,-31.63631,1.15904
20060329,2006-04-12 11:00:00,-10.31152,-31.65559,1.26229
20060329,2006-04-12 12:00:00,-10.28683,-31.61235,1.34054
20060329,2006-04-12 13:00:00,-10.25143,-31.49977,1.36723
20060329,2006-04-12 14:00:00,-10.37518,-31.22189,1.29069
20060329,2006-04-12 15:00:00,-10.41223,-31.18260,1.28735
20060329,2006-04-12 16:00:00,-10.52829,-31.19081,1.27970
20060329,2006-04-12 17:00:00,-10.73901,-31.05001,1.19340
20060329,2006-04-12 18:00:00,-10.79825,-31.05270,1.25113
20060329,2006-04-12 19:00:00,-10.86243,-30.92920,1.23817
20060329,2006-04-12 20:00:00,-10.80475,-30.86468,1.28689
20060329,2006-04-12 21:00:00,-10.78748,-30.68754,1.29783
20060329,2006-04-12 22:00:00,-10.30624,-30.26443,1.40897
20060329,2006-04-12 23:00:00,-10.18887,-29.91705,1.34645
20060329,2006-04-13 00:00:00,-9.98743,-29.55741,1.35439
20060329,2006-04-13 01:00:00,-9.93463,-29.20538,1.33171
20060329,2006-04-13 02:00:00,-9.94788,-28.96447,1.28878
20060329,2006-04-13 03:00:00,-9.84692,-28.59434,1.25281
20060329,2006-04-13 04:00:00,-9.90582,-28.23943,1.23377
20060329,2006-04-13 05:00:00,-9.90674,-28.05825,1.26227
20060329,2006-04-13 06:00:00,-9.90643,-27.85381,1.25054
20060329,2006-04-13 07:00:00,-9.59274,-27.51286,1.25051
20060329,2006-04-13 08:00:00,-9.63989,-27.33714,1.26004
20060329,2006-04-13 09:00:00,-9.33511,-27.00578,1.23398
20060329,2006-04-13 10:00:00,-8.95932,-26.65126,1.33607
20060329,2006-04-13 11:00:00,-8.78735,-26.44163,1.32301
20060329,2006-04-13 12:00:00,-8.69336,-26.20479,1.29484
20060329,2006-04-13 13:00:00,-8.46195,-25.93556,1.26460
20060329,2006-04-13 14:00:00,-8.40076,-25.66161,1.22378
20060329,2006-04-13 15:00:00,-8.19098,-25.39908,1.17024
20060329,2006-04-13 16:00:00,-7.76376,-25.16747,1.14258
20060329,2006-04-13 17:00:00,-7.60083,-24.88894,1.11731
20060329,2006-04-13 18:00:00,-7.08200,-24.60489,1.07072
20060330,2006-04-12 16:00:00,161.84277,-67.22417,3.37900
20060330,2006-04-12 17:00:00,164.10298,-67.97620,3.37800
20060330,2006-04-12 18:00:00,165.78146,-68.54852,3.35645
20060330,2006-04-12 19:00:00,167.22255,-69.05992,3.33864
20060330,2006-04-12 20:00:00,168.70461,-69.56853,3.38468
20060330,2006-04-12 21:00:00,169.81375,-69.97726,3.49199
20060330,2006-04-12 22:00:00,172.60516,-70.75040,3.95582
20060330,2006-04-12 23:00:00,173.67396,-71.03677,3.99576
20060330,2006-04-13 00:00:00,174.86050,-71.28747,4.02340
20060330,2006-04-13 01:00:00,176.04353,-71.50821,4.08799
20060330,2006-04-13 02:00:00,177.27811,-71.71569,4.17358
20060330,2006-04-13 03:00:00,178.67688,-71.91834,4.26740
20060330,2006-04-13 04:00:00,-179.91048,-72.09396,4.34188
20060330,2006-04-13 05:00:00,-178.52322,-72.28235,4.44217
20060330,2006-04-13 06:00:00,-177.13255,-72.47560,4.56940
20060330,2006-04-13 07:00:00,-175.77531,-72.63522,4.62057
20060330,2006-04-13 08:00:00,-174.16344,-72.85631,4.76143
20060330,2006-04-13 09:00:00,-172.43477,-73.09627,4.95492
20060330,2006-04-13 10:00:00,-170.32251,-73.44331,5.06564
20060330,2006-04-13 11:00:00,-168.51646,-73.57007,5.10820
20060330,2006-04-13 12:00:00,-166.82600,-73.64751,5.11980
20060330,2006-04-13 13:00:00,-165.18715,-73.71065,5.11094
20060330,2006-04-13 14:00:00,-163.21858,-73.81816,5.08533
20060330,2006-04-13 15:00:00,-160.69162,-74.03037,5.08373
20060330,2006-04-13 16:00:00,-157.66798,-74.29949,5.16639
20060330,2006-04-13 17:00:00,-154.97400,-74.44189,5.23818
20060330,2006-04-13 18:00:00,-152.74498,-74.45297,5.24343
20060330,2006-04-13 19:00:00,-150.77290,-74.38273,5.18225
20060330,2006-04-13 20:00:00,-148.85248,-74.29336,5.14607
20060330,2006-04-13 21:00:00,-146.77496,-74.23801,5.13422
20060330,2006-04-13 22:00:00,-143.65581,-74.16893,5.00128
20060330,2006-04-13 23:00:00,-141.10054,-74.14218,4.94397
20060330,2006-04-14 00:00:00,-137.85599,-74.08704,5.01179
20060330,2006-04-14 01:00:00,-134.38649,-73.95063,5.13064
20060330,2006-04-14 02:00:00,-131.28308,-73.73013,5.34130
20060330,2006-04-14 03:00:00,-127.87530,-73.57017,5.49821
20060330,2006-04-14 04:00:00,-124.83484,-73.43752,5.68036
20060330,2006-04-14 05:00:00,-122.06715,-73.38049,5.92803
20060330,2006-04-14 06:00:00,-119.99087,-73.34506,6.29655
20060330,2006-04-14 07:00:00,-118.72505,-73.28748,6.58106
20060330,2006-04-14 08:00:00,-117.38449,-73.19983,6.79533
20060330,2006-04-14 09:00:00,-116.30585,-73.08376,6.97086
20060330,2006-04-14 10:00:00,-115.05978,-72.96240,6.96143
20060330,2006-04-14 11:00:00,-113.93140,-72.79972,6.97526
20060330,2006-04-14 12:00:00,-112.86255,-72.60527,7.00139
20060330,2006-04-14 13:00:00,-111.70158,-72.45734,6.96681
20060330,2006-04-14 14:00:00,-110.24742,-72.35870,6.97203
20060330,2006-04-14 15:00:00,-108.71504,-72.31404,7.00573
20060330,2006-04-14 16:00:00,-107.32725,-72.26728,6.89874
20060330,2006-04-14 17:00:00,-106.15456,-72.22699,6.71320
20060330,2006-04-14 18:00:00,-104.56731,-72.25259,6.64851
20060330,2006-04-14 19:00:00,-102.83273,-72.29500,6.66416
20060330,2006-04-14 20:00:00,-101.23679,-72.37740,6.60502
20060330,2006-04-14 21:00:00,-99.74811,-72.45362,6.50389
20060330,2006-04-14 22:00:00,-97.74643,-72.48926,6.53856
20060330,2006-04-14 23:00:00,-95.71320,-72.59505,6.68741
20060330,2006-04-15 00:00:00,-94.41315,-72.57775,6.52455
20060330,2006-04-15 01:00:00,-93.49057,-72.54178,6.21614
20060330,2006-04-15 02:00:00,-92.17783,-72.66814,6.12422
20060330,2006-04-15 03:00:00,-91.12961,-72.83760,5.93783
20060330,2006-04-15 04:00:00,-90.16620,-73.04528,5.82574
20060330,2006-04-15 05:00:00,-89.02457,-73.17413,5.89772
20060330,2006-04-15 06:00:00,-88.07730,-73.21311,5.88117
20060330,2006-04-15 07:00:00,-87.40189,-73.25127,5.65181
20060330,2006-04-15 08:00:00,-86.74393,-73.32229,5.35472
20060330,2006-04-15 09:00:00,-86.04916,-73.48737,5.18101
20060330,2006-04-15 10:00:00,-84.64081,-73.69783,5.10853
20060330,2006-04-15 11:00:00,-83.91852,-73.91766,4.93588
20060330,2006-04-15 12:00:00,-83.24057,-74.01183,4.62020
20060330,2006-04-15 13:00:00,-82.40286,-74.07907,4.23545
20060330,2006-04-15 14:00:00,-81.23041,-74.17844,3.86730
20060330,2006-04-15 15:00:00,-79.99344,-74.30715,3.54919
20060330,2006-04-15 16:00:00,-78.76144,-74.45907,3.26378
20060330,2006-04-15 17:00:00,-76.67258,-74.87947,2.95238
20060331,2006-04-12 20:00:00,-40.68332,-40.66661,2.95967
20060331,2006-04-12 21:00:00,-40.40295,-41.39104,2.98454
20060331,2006-04-12 22:00:00,-40.18838,-42.34362,3.32684
20060331,2006-04-12 23:00:00,-39.92371,-42.66749,3.39139
20060331,2006-04-13 00:00:00,-39.56580,-42.91307,3.40863
20060331,2006-04-13 01:00:00,-39.16104,-43.12880,3.42855
20060331,2006-04-13 02:00:00,-38.72025,-43.34605,3.40344
20060331,2006-04-13 03:00:00,-38.21954,-43.53560,3.38448
20060331,2006-04-13 04:00:00,-37.58041,-43.74375,3.40028
20060331,2006-04-13 05:00:00,-36.97369,-43.86382,3.44526
20060331,2006-04-13 06:00:00,-36.30640,-44.11084,3.51510
20060331,2006-04-13 07:00:00,-35.59460,-44.23399,3.57242
20060331,2006-04-13 08:00:00,-34.85193,-44.51915,3.74398
20060331,2006-04-13 09:00:00,-34.12662,-44.69984,3.87719
20060331,2006-04-13 10:00:00,-33.26907,-45.03301,4.13533
20060331,2006-04-13 11:00:00,-32.52463,-45.07220,4.22635
20060331,2006-04-13 12:00:00,-31.86270,-45.13454,4.33788
20060331,2006-04-13 13:00:00,-31.23145,-45.15025,4.36136
20060331,2006-04-13 14:00:00,-30.36472,-45.49041,4.33116
20060331,2006-04-13 15:00:00,-29.67145,-45.53174,4.20863
20060331,2006-04-13 16:00:00,-28.67148,-45.80293,4.16386
20060331,2006-04-13 17:00:00,-27.58585,-46.18481,4.11092
20060331,2006-04-13 18:00:00,-26.38855,-46.64222,3.99872
20060331,2006-04-13 19:00:00,-25.18906,-47.04990,3.89983
20060331,2006-04-13 20:00:00,-23.86118,-47.57017,3.87665
20060331,2006-04-13 21:00:00,-22.59992,-48.04396,3.71272
20060331,2006-04-13 22:00:00,-21.44644,-48.30787,3.74876
20060331,2006-04-13 23:00:00,-20.40918,-48.31472,3.55320
20060331,2006-04-14 00:00:00,-19.27945,-48.35247,3.30774
20060332,2006-04-13 10:00:00,-61.93219,-37.60921,1.46932
20060332,2006-04-13 11:00:00,-61.68085,-37.65543,1.48053
20060332,2006-04-13 12:00:00,-61.76010,-37.48778,1.64357
20060332,2006-04-13 13:00:00,-61.84259,-37.34869,1.80157
20060332,2006-04-13 14:00:00,-62.04861,-37.00486,1.95166
20060332,2006-04-13 15:00:00,-62.10608,-36.95323,1.98625
20060332,2006-04-13 16:00:00,-61.65817,-37.49915,2.16357
20060332,2006-04-13 17:00:00,-61.31635,-37.97680,2.27287
20060332,2006-04-13 18:00:00,-61.16644,-37.89961,2.48728
20060332,2006-04-13 19:00:00,-60.69589,-38.22146,2.46976
20060332,2006-04-13 20:00:00,-60.23270,-38.38500,2.46886
20060332,2006-04-13 21:00:00,-59.67365,-38.62684,2.59190
20060332,2006-04-13 22:00:00,-58.66132,-39.59054,3.36510
20060332,2006-04-13 23:00:00,-58.19009,-39.67663,3.58836
20060332,2006-04-14 00:00:00,-57.70850,-39.74441,3.80969
20060332,2006-04-14 01:00:00,-57.35501,-39.65379,4.15304
20060332,2006-04-14 02:00:00,-56.71457,-39.89602,4.38030
20060332,2006-04-14 03:00:00,-56.14822,-40.17133,4.52057
20060332,2006-04-14 04:00:00,-55.73657,-40.41145,4.58176
20060332,2006-04-14 05:00:00,-54.99747,-40.79494,4.76214
20060332,2006-04-14 06:00:00,-54.40732,-41.29163,4.93178
20060332,2006-04-14 07:00:00,-53.74945,-41.85928,5.26935
20060332,2006-04-14 08:00:00,-53.14618,-42.34780,5.52323
20060332,2006-04-14 09:00:00,-52.53702,-42.68085,5.81039
20060332,2006-04-14 10:00:00,-51.42602,-43.09473,6.33014
20060332,2006-04-14 11:00:00,-50.89752,-43.36143,6.63428
20060332,2006-04-14 12:00:00,-50.28388,-43.64410,6.99690
20060332,2006-04-14 13:00:00,-49.68341,-43.96933,7.26488
20060332,2006-04-14 14:00:00,-48.99689,-44.35099,7.39465
20060332,2006-04-14 15:00:00,-48.32449,-44.73367,7.56709
20060332,2006-04-14 16:00:00,-47.65875,-45.16180,7.91688
20060332,2006-04-14 17:00:00,-47.04819,-45.57169,7.95628
20060332,2006-04-14 18:00:00,-46.40146,-45.95995,8.18166
20060332,2006-04-14 19:00:00,-45.77408,-46.38975,8.33578
20060332,2006-04-14 20:00:00,-45.19190,-46.78584,8.37562
20060332,2006-04-14 21:00:00,-44.67340,-47.30943,8.60982
20060332,2006-04-14 22:00:00,-44.25269,-47.85376,8.77554
20060332,2006-04-14 23:00:00,-43.71103,-48.32658,8.92786
20060332,2006-04-15 00:00:00,-43.21729,-48.73453,9.00329
20060332,2006-04-15 01:00:00,-42.76733,-49.09743,9.05742
20060332,2006-04-15 02:00:00,-42.27823,-49.47189,9.00780
20060332,2006-04-15 03:00:00,-41.78354,-49.86916,8.94666
20060332,2006-04-15 04:00:00,-41.34345,-50.27490,8.94639
20060332,2006-04-15 05:00:00,-40.92761,-50.64003,8.87528
20060332,2006-04-15 06:00:00,-40.63355,-50.99275,8.86423
20060332,2006-04-15 07:00:00,-40.47208,-51.29310,8.82007
20060332,2006-04-15 08:00:00,-40.30838,-51.59380,8.78457
20060332,2006-04-15 09:00:00,-40.31332,-51.82622,8.73149
20060332,2006-04-15 10:00:00,-39.98141,-52.02153,8.33141
20060332,2006-04-15 11:00:00,-40.16898,-52.16793,8.31500
20060332,2006-04-15 12:00:00,-40.40277,-52.27863,8.18955
20060332,2006-04-15 13:00:00,-40.62988,-52.32171,8.12117
20060332,2006-04-15 14:00:00,-40.84238,-52.31453,8.09596
20060332,2006-04-15 15:00:00,-40.87546,-52.32763,8.02000
20060332,2006-04-15 16:00:00,-40.85211,-52.33398,8.02425
20060332,2006-04-15 17:00:00,-40.73126,-52.33668,8.06166
20060332,2006-04-15 18:00:00,-40.49490,-52.34152,8.02176
20060332,2006-04-15 19:00:00,-40.21506,-52.35814,7.94542
20060332,2006-04-15 20:00:00,-39.93091,-52.36092,7.88604
20060332,2006-04-15 21:00:00,-39.67938,-52.35177,7.80325
20060332,2006-04-15 22:00:00,-39.18143,-52.36920,7.52196
20060332,2006-04-15 23:00:00,-39.00690,-52.30718,7.50349
20060332,2006-04-16 00:00:00,-38.83050,-52.27621,7.38194
20060332,2006-04-16 01:00:00,-38.56918,-52.24977,7.30716
20060332,2006-04-16 02:00:00,-38.31433,-52.21314,7.22816
20060332,2006-04-16 03:00:00,-38.02188,-52.19856,7.10269
20060332,2006-04-16 04:00:00,-37.72327,-52.17663,6.92482
20060332,2006-04-16 05:00:00,-37.40909,-52.15375,6.76322
20060332,2006-04-16 06:00:00,-37.06723,-52.12426,6.59031
20060332,2006-04-16 07:00:00,-36.70419,-52.09920,6.45153
20060332,2006-04-16 08:00:00,-36.33652,-52.06610,6.35009
20060332,2006-04-16 09:00:00,-35.94647,-52.01461,6.27528
20060332,2006-04-16 10:00:00,-35.58667,-51.85410,6.19956
20060332,2006-04-16 11:00:00,-35.12650,-51.79553,6.10296
20060332,2006-04-16 12:00:00,-34.59253,-51.76947,6.00757
20060332,2006-04-16 13:00:00,-34.02423,-51.80603,5.86954
20060332,2006-04-16 14:00:00,-33.41138,-51.87009,5.69254
20060332,2006-04-16 15:00:00,-32.79120,-51.96069,5.48021
20060332,2006-04-16 16:00:00,-32.18787,-52.04751,5.28659
20060332,2006-04-16 17:00:00,-31.56497,-52.14585,5.14622
20060332,2006-04-16 18:00:00,-30.96466,-52.24436,5.02120
20060332,2006-04-16 19:00:00,-30.28613,-52.38024,4.87551
20060332,2006-04-16 20:00:00,-29.61044,-52.48810,4.72508
20060332,2006-04-16 21:00:00,-28.91037,-52.59956,4.60090
20060332,2006-04-16 22:00:00,-28.24634,-52.73081,4.37893
20060332,2006-04-16 23:00:00,-27.44803,-52.91786,4.18486
20060332,2006-04-17 00:00:00,-26.69284,-53.09415,4.02522
20060332,2006-04-17 01:00:00,-26.03418,-53.31990,3.84870
20060332,2006-04-17 02:00:00,-25.38946,-53.53451,3.71208
20060332,2006-04-17 03:00:00,-24.77829,-53.83995,3.61957
20060332,2006-04-17 04:00:00,-24.17621,-54.19026,3.57763
20060332,2006-04-17 05:00:00,-23.57257,-54.64964,3.56772
20060332,2006-04-17 06:00:00,-22.99933,-55.14022,3.57975
20060332,2006-04-17 07:00:00,-22.32709,-55.72729,3.58339
20060332,2006-04-17 08:00:00,-21.62610,-56.12236,3.61518
20060332,2006-04-17 09:00:00,-20.94656,-56.53851,3.62579
20060332,2006-04-17 10:00:00,-20.11612,-56.98635,3.53871
20060332,2006-04-17 11:00:00,-19.40146,-57.21806,3.47087
20060332,2006-04-17 12:00:00,-18.60248,-57.38073,3.38474
20060332,2006-04-17 13:00:00,-17.66968,-57.58237,3.32295
20060333,2006-04-13 19:00:00,-68.15564,-28.82477,1.56296
20060333,2006-04-13 20:00:00,-68.60303,-27.85779,1.54348
20060333,2006-04-13 21:00:00,-69.36539,-27.57657,1.58557
20060333,2006-04-13 22:00:00,-69.87158,-28.16796,1.66364
20060333,2006-04-13 23:00:00,-69.58008,-27.92705,1.85055
20060333,2006-04-14 00:00:00,-69.81845,-28.01048,2.00496
20060333,2006-04-14 01:00:00,-70.55557,-28.47186,2.04714
20060333,2006-04-14 02:00:00,-71.01975,-28.95714,2.12662
20060333,2006-04-14 03:00:00,-71.07663,-28.92827,2.10691
20060333,2006-04-14 04:00:00,-71.10327,-28.87020,2.09563
20060333,2006-04-14 05:00:00,-71.27066,-28.85725,2.16180
20060333,2006-04-14 06:00:00,-71.38327,-28.87010,2.17827
20060333,2006-04-14 07:00:00,-71.49127,-28.82077,2.16537
20060333,2006-04-14 08:00:00,-71.73346,-28.85033,2.14900
20060333,2006-04-14 09:00:00,-71.91327,-28.79381,2.05875
20060333,2006-04-14 10:00:00,-72.06992,-28.74709,1.83763
20060333,2006-04-14 11:00:00,-72.38821,-28.82552,1.72267
20060333,2006-04-14 12:00:00,-72.73074,-28.71623,1.69707
20060333,2006-04-14 13:00:00,-72.97983,-28.39612,1.71016
20060333,2006-04-14 14:00:00,-73.09363,-28.20534,1.82324
20060333,2006-04-14 15:00:00,-73.21768,-27.88895,1.87617
20060333,2006-04-14 16:00:00,-73.27383,-27.73657,1.90333
20060333,2006-04-14 17:00:00,-73.28235,-27.93268,1.92016
20060333,2006-04-14 18:00:00,-73.22040,-28.03796,1.99246
20060333,2006-04-14 19:00:00,-73.12897,-28.22416,2.10545
20060333,2006-04-14 20:00:00,-73.03238,-28.62672,2.15148
20060333,2006-04-14 21:00:00,-72.97494,-28.77451,2.25361
20060333,2006-04-14 22:00:00,-72.89810,-28.82619,2.31574
20060333,2006-04-14 23:00:00,-72.86633,-29.31974,2.41262
20060333,2006-04-15 00:00:00,-72.76035,-30.13022,2.51182
20060333,2006-04-15 01:00:00,-72.68106,-30.88990,2.58027
20060333,2006-04-15 02:00:00,-72.60107,-31.62615,2.60737
20060333,2006-04-15 03:00:00,-72.50678,-32.13974,2.69615
20060333,2006-04-15 04:00:00,-72.37836,-32.51965,2.78187
20060333,2006-04-15 05:00:00,-72.26300,-32.70302,2.87449
20060333,2006-04-15 06:00:00,-72.20703,-32.76791,2.87934
20060333,2006-04-15 07:00:00,-72.19812,-32.79569,2.86319
20060333,2006-04-15 08:00:00,-72.18070,-32.76054,2.83716
20060333,2006-04-15 09:00:00,-72.21469,-32.77260,2.77422
20060333,2006-04-15 10:00:00,-72.35965,-32.53983,2.59499
20060333,2006-04-15 11:00:00,-72.36890,-32.43269,2.52456
20060333,2006-04-15 12:00:00,-72.40271,-32.33474,2.40567
20060333,2006-04-15 13:00:00,-72.45712,-31.99731,2.20647
20060333,2006-04-15 14:00:00,-72.48596,-31.94953,2.10438
20060333,2006-04-15 15:00:00,-72.42096,-31.77103,2.01911
20060333,2006-04-15 16:00:00,-72.37930,-32.05735,1.92532
20060333,2006-04-15 17:00:00,-72.37271,-32.24736,1.86347
20060333,2006-04-15 18:00:00,-72.25326,-32.46337,1.86350
20060333,2006-04-15 19:00:00,-72.16922,-32.48410,1.87953
20060333,2006-04-15 20:00:00,-72.11102,-32.33446,1.86140
20060333,2006-04-15 21:00:00,-72.08856,-32.09206,1.85874
20060333,2006-04-15 22:00:00,-71.97809,-31.84980,1.93514
20060333,2006-04-15 23:00:00,-71.79843,-32.05750,2.01277
20060333,2006-04-16 00:00:00,-71.63486,-31.77671,2.12208
20060333,2006-04-16 01:00:00,-71.63351,-31.82602,2.15066
20060333,2006-04-16 02:00:00,-71.64160,-31.82264,2.13795
20060333,2006-04-16 03:00:00,-71.69089,-32.00481,2.11189
20060333,2006-04-16 04:00:00,-71.70914,-32.05896,2.10238
20060333,2006-04-16 05:00:00,-71.73074,-31.92529,2.08342
20060333,2006-04-16 06:00:00,-71.73285,-31.75100,2.05493
20060333,2006-04-16 07:00:00,-71.72000,-31.55108,2.02092
20060333,2006-04-16 08:00:00,-71.68356,-31.53591,1.98935
20060333,2006-04-16 09:00:00,-71.62616,-31.72433,1.94670
20060333,2006-04-16 10:00:00,-71.66327,-31.74223,1.89736
20060333,2006-04-16 11:00:00,-71.56714,-31.91362,1.90433
20060333,2006-04-16 12:00:00,-71.45236,-32.09137,1.90816
20060333,2006-04-16 13:00:00,-71.39355,-32.21704,1.87260
20060333,2006-04-16 14:00:00,-71.34662,-32.40901,1.82924
20060333,2006-04-16 15:00:00,-71.26553,-32.68131,1.82888
20060333,2006-04-16 16:00:00,-71.25207,-32.87452,1.78697
20060333,2006-04-16 17:00:00,-71.15207,-32.65119,1.84295
20060333,2006-04-16 18:00:00,-71.02267,-32.47016,1.93497
20060333,2006-04-16 19:00:00,-70.95160,-32.18853,1.99703
20060333,2006-04-16 20:00:00,-70.87320,-31.55305,2.07693
20060333,2006-04-16 21:00:00,-70.78863,-31.02852,2.14423
20060333,2006-04-16 22:00:00,-70.77713,-31.44479,2.28759
20060333,2006-04-16 23:00:00,-70.65704,-31.41610,2.48616
20060333,2006-04-17 00:00:00,-70.59357,-30.51332,2.47905
20060333,2006-04-17 01:00:00,-70.55368,-29.06549,2.40469
20060333,2006-04-17 02:00:00,-70.54742,-28.50364,2.31444
20060333,2006-04-17 03:00:00,-70.59299,-29.05531,2.22142
20060333,2006-04-17 04:00:00,-70.54532,-29.57983,2.14457
20060333,2006-04-17 05:00:00,-70.43045,-29.84653,2.11341
20060333,2006-04-17 06:00:00,-70.33829,-30.08510,2.11870
20060333,2006-04-17 07:00:00,-70.32831,-30.17341,2.08901
20060333,2006-04-17 08:00:00,-70.36929,-30.20398,2.04661
20060333,2006-04-17 09:00:00,-70.40857,-30.29536,2.00150
20060333,2006-04-17 10:00:00,-70.57877,-30.10877,1.91187
20060333,2006-04-17 11:00:00,-70.52777,-30.72021,1.89979
20060333,2006-04-17 12:00:00,-70.34161,-31.38258,1.90908
20060333,2006-04-17 13:00:00,-70.14725,-31.02938,1.92094
20060333,2006-04-17 14:00:00,-69.99948,-30.14131,1.84771
20060333,2006-04-17 15:00:00,-69.95789,-29.40020,1.73869
20060333,2006-04-17 16:00:00,-69.70566,-28.71830,1.75431
20060333,2006-04-17 17:00:00,-69.55926,-28.83922,1.84289
20060333,2006-04-17 18:00:00,-69.43424,-28.59856,1.88757
20060333,2006-04-17 19:00:00,-69.38864,-28.35124,1.94135
20060333,2006-04-17 20:00:00,-69.28754,-27.93740,2.04688
20060333,2006-04-17 21:00:00,-69.24680,-27.72897,2.14302
20060333,2006-04-17 22:00:00,-69.16736,-28.18522,2.24487
20060333,2006-04-17 23:00:00,-69.21524,-28.58467,2.43623
20060333,2006-04-18 00:00:00,-69.24530,-28.39090,2.53686
20060333,2006-04-18 01:00:00,-69.28027,-28.14269,2.51300
20060333,2006-04-18 02:00:00,-69.25168,-28.10454,2.46411
20060333,2006-04-18 03:00:00,-69.13336,-28.36063,2.42655
20060333,2006-04-18 04:00:00,-69.00317,-28.94464,2.39888
20060333,2006-04-18 05:00:00,-68.86285,-29.41639,2.36533
20060333,2006-04-18 06:00:00,-68.72177,-29.59810,2.31534
20060333,2006-04-18 07:00:00,-68.55411,-29.69583,2.24173
20060333,2006-04-18 08:00:00,-68.46637,-29.66961,2.16702
20060333,2006-04-18 09:00:00,-68.42941,-29.62459,2.14351
20060333,2006-04-18 10:00:00,-68.24832,-29.63463,2.12044
20060333,2006-04-18 11:00:00,-68.05676,-29.70159,2.05314
20060333,2006-04-18 12:00:00,-67.85962,-29.75954,1.98016
20060333,2006-04-18 13:00:00,-67.74161,-29.51871,2.02140
20060333,2006-04-18 14:00:00,-67.76035,-28.79487,1.94872
20060333,2006-04-18 15:00:00,-67.66092,-27.42607,1.96162
20060333,2006-04-18 16:00:00,-67.31296,-26.99305,2.26421
20060333,2006-04-18 17:00:00,-67.16116,-27.16281,2.43249
20060333,2006-04-18 18:00:00,-67.03232,-27.42368,2.53476
20060333,2006-04-18 19:00:00,-67.00897,-27.42884,2.55329
20060333,2006-04-18 20:00:00,-67.03253,-27.19147,2.58794
20060333,2006-04-18 21:00:00,-67.06366,-27.04570,2.62333
20060333,2006-04-18 22:00:00,-67.19949,-27.00152,2.58370
20060333,2006-04-18 23:00:00,-67.31473,-26.94759,2.65424
20060333,2006-04-19 00:00:00,-67.25632,-27.11087,2.76506
20060333,2006-04-19 01:00:00,-67.18304,-27.11515,2.88145
20060333,2006-04-19 02:00:00,-67.10065,-27.10348,2.90183
20060333,2006-04-19 03:00:00,-66.96283,-27.07256,2.91021
20060333,2006-04-19 04:00:00,-66.84073,-26.97089,2.92677
20060333,2006-04-19 05:00:00,-66.77554,-26.84337,2.88020
20060333,2006-04-19 06:00:00,-66.75629,-26.88790,2.82192
20060333,2006-04-19 07:00:00,-66.69824,-26.83779,2.81857
20060333,2006-04-19 08:00:00,-66.63605,-26.43542,2.80464
20060333,2006-04-19 09:00:00,-66.48325,-25.61082,2.77917
20060333,2006-04-19 10:00:00,-65.98419,-24.40613,2.88882
20060333,2006-04-19 11:00:00,-65.60306,-23.49707,2.88206
20060333,2006-04-19 12:00:00,-65.00513,-22.25068,2.84302
20060334,2006-04-13 22:00:00,-29.57040,-39.20705,2.45994
20060334,2006-04-13 23:00:00,-29.35809,-38.91661,2.45306
20060334,2006-04-14 00:00:00,-29.04800,-38.78828,2.44688
20060334,2006-04-14 01:00:00,-28.86157,-38.51698,2.42549
20060334,2006-04-14 02:00:00,-28.59421,-38.24861,2.42591
20060334,2006-04-14 03:00:00,-28.27246,-38.25407,2.40436
20060334,2006-04-14 04:00:00,-27.92471,-38.19586,2.34757
20060334,2006-04-14 05:00:00,-27.43851,-37.98974,2.33993
20060334,2006-04-14 06:00:00,-26.93826,-37.87161,2.34147
20060334,2006-04-14 07:00:00,-26.51303,-37.72378,2.33455
20060334,2006-04-14 08:00:00,-26.14084,-37.60477,2.42653
20060334,2006-04-14 09:00:00,-25.69311,-37.68700,2.49830
20060334,2006-04-14 10:00:00,-25.49619,-37.42426,2.76477
20060334,2006-04-14 11:00:00,-24.99320,-37.52296,2.76254
20060334,2006-04-14 12:00:00,-24.61899,-37.62353,2.76889
20060334,2006-04-14 13:00:00,-24.08157,-37.70807,2.81590
20060334,2006-04-14 14:00:00,-23.53818,-37.80917,2.81153
20060334,2006-04-14 15:00:00,-22.93310,-37.90694,2.79848
20060334,2006-04-14 16:00:00,-22.23889,-38.06007,2.80927
20060334,2006-04-14 17:00:00,-21.72974,-38.14854,2.82172
20060334,2006-04-14 18:00:00,-21.40720,-38.17387,2.77170
20060334,2006-04-14 19:00:00,-21.07629,-38.18327,2.81634
20060334,2006-04-14 20:00:00,-21.00012,-38.15608,2.77112
20060334,2006-04-14 21:00:00,-20.99448,-38.10524,2.69441
20060334,2006-04-14 22:00:00,-20.85773,-38.25615,2.71564
20060334,2006-04-14 23:00:00,-20.71570,-38.26557,2.51529
20060334,2006-04-15 00:00:00,-20.47199,-38.33167,2.38800
20060334,2006-04-15 01:00:00,-20.27368,-38.40043,2.26949
20060334,2006-04-15 02:00:00,-20.12381,-38.47235,2.21311
20060334,2006-04-15 03:00:00,-19.93268,-38.53978,2.22242
20060334,2006-04-15 04:00:00,-19.72485,-38.57891,2.27776
20060334,2006-04-15 05:00:00,-19.47165,-38.63874,2.29282
20060334,2006-04-15 06:00:00,-19.14835,-38.68487,2.29324
20060334,2006-04-15 07:00:00,-18.68570,-38.76924,2.26846
20060334,2006-04-15 08:00:00,-18.21536,-38.84360,2.24301
20060334,2006-04-15 09:00:00,-17.88931,-38.89530,2.17419
20060334,2006-04-15 10:00:00,-16.41696,-39.21391,2.47297
20060334,2006-04-15 11:00:00,-16.25021,-39.22564,2.41697
20060334,2006-04-15 12:00:00,-16.11417,-39.29911,2.29095
20060334,2006-04-15 13:00:00,-15.95609,-39.38999,2.20196
20060334,2006-04-15 14:00:00,-15.88925,-39.48858,2.06318
20060334,2006-04-15 15:00:00,-15.71164,-39.61523,1.94925
20060334,2006-04-15 16:00:00,-15.49063,-39.72836,1.83329
20060334,2006-04-15 17:00:00,-15.20834,-39.85163,1.74566
20060334,2006-04-15 18:00:00,-14.94830,-39.94044,1.68631
20060334,2006-04-15 19:00:00,-14.59433,-40.02861,1.67270
20060334,2006-04-15 20:00:00,-14.30823,-40.10598,1.64671
20060334,2006-04-15 21:00:00,-14.06851,-40.16306,1.61655
20060334,2006-04-15 22:00:00,-13.13739,-40.05614,1.91878
20060334,2006-04-15 23:00:00,-12.93121,-40.09849,1.88332
20060334,2006-04-16 00:00:00,-12.68610,-40.15765,1.84067
20060334,2006-04-16 01:00:00,-12.42981,-40.21492,1.78538
20060334,2006-04-16 02:00:00,-12.18417,-40.25212,1.75154
20060334,2006-04-16 03:00:00,-11.98019,-40.28939,1.69400
20060334,2006-04-16 04:00:00,-11.76453,-40.33522,1.66289
20060334,2006-04-16 05:00:00,-11.59329,-40.40057,1.60871
20060334,2006-04-16 06:00:00,-11.38889,-40.47744,1.56444
20060334,2006-04-16 07:00:00,-11.19647,-40.57288,1.51702
20060334,2006-04-16 08:00:00,-11.00256,-40.68478,1.43075
20060334,2006-04-16 09:00:00,-10.86389,-40.82772,1.36051
20060334,2006-04-16 10:00:00,-10.89105,-41.09190,1.20869
20060335,2006-04-14 14:00:00,-61.17966,-26.41080,2.48556
20060335,2006-04-14 15:00:00,-60.72073,-26.86749,2.67718
20060335,2006-04-14 16:00:00,-60.46820,-26.94049,2.80382
20060335,2006-04-14 17:00:00,-60.01712,-27.19386,2.87255
20060335,2006-04-14 18:00:00,-59.68433,-27.37587,2.82974
20060335,2006-04-14 19:00:00,-59.49405,-27.18473,2.85397
20060335,2006-04-14 20:00:00,-59.75372,-26.26562,2.96643
20060335,2006-04-14 21:00:00,-59.51865,-26.15851,3.04112
20060335,2006-04-14 22:00:00,-60.04468,-24.75980,2.71589
20060335,2006-04-14 23:00:00,-60.09732,-24.26631,2.99295
20060335,2006-04-15 00:00:00,-59.93765,-24.26999,3.15091
20060335,2006-04-15 01:00:00,-59.53152,-24.44889,3.24165
20060335,2006-04-15 02:00:00,-59.34109,-24.42682,3.45035
20060335,2006-04-15 03:00:00,-59.26611,-24.29406,3.67577
20060335,2006-04-15 04:00:00,-59.28525,-24.03548,3.95112
20060335,2006-04-15 05:00:00,-59.14120,-23.99218,3.96806
20060335,2006-04-15 06:00:00,-59.06256,-23.79108,4.05631
20060335,2006-04-15 07:00:00,-58.83566,-23.85794,4.04649
20060335,2006-04-15 08:00:00,-58.72629,-23.63480,3.98121
20060335,2006-04-15 09:00:00,-58.63953,-23.39737,3.94553
20060335,2006-04-15 10:00:00,-58.69870,-23.27198,3.35154
20060335,2006-04-15 11:00:00,-58.56311,-23.35682,3.19312
20060335,2006-04-15 12:00:00,-58.43597,-23.46191,2.96722
20060335,2006-04-15 13:00:00,-58.26828,-23.68078,2.94463
20060335,2006-04-15 14:00:00,-58.08697,-23.98958,2.82176
20060335,2006-04-15 15:00:00,-58.07532,-24.08622,2.82373
20060335,2006-04-15 16:00:00,-58.05331,-24.32439,2.77349
20060335,2006-04-15 17:00:00,-57.88913,-24.46772,2.78889
20060335,2006-04-15 18:00:00,-57.85290,-24.49493,2.70204
20060335,2006-04-15 19:00:00,-57.66754,-24.64915,2.57120
20060335,2006-04-15 20:00:00,-57.49765,-24.65209,2.52694
20060335,2006-04-15 21:00:00,-57.30847,-24.60073,2.56232
20060335,2006-04-15 22:00:00,-57.59021,-24.37167,2.30668
20060335,2006-04-15 23:00:00,-57.52322,-24.44863,2.12403
20060335,2006-04-16 00:00:00,-57.45175,-24.43670,2.06315
20060335,2006-04-16 01:00:00,-57.30664,-24.47264,2.08231
20060335,2006-04-16 02:00:00,-57.25378,-24.37732,2.10571
20060335,2006-04-16 03:00:00,-57.14920,-24.27101,2.14400
20060335,2006-04-16 04:00:00,-57.07941,-24.08462,2.15651
20060335,2006-04-16 05:00:00,-57.09927,-23.74863,2.17123
20060335,2006-04-16 06:00:00,-57.12003,-23.47660,2.17705
20060335,2006-04-16 07:00:00,-57.09961,-23.27503,2.14803
20060335,2006-04-16 08:00:00,-57.08142,-22.98892,2.09813
20060335,2006-04-16 09:00:00,-57.03830,-22.64474,2.10849
20060335,2006-04-16 10:00:00,-56.88202,-22.12623,2.03065
20060335,2006-04-16 11:00:00,-56.80267,-21.82822,1.93572
20060335,2006-04-16 12:00:00,-56.71890,-21.61650,1.90528
20060335,2006-04-16 13:00:00,-56.61746,-21.55076,1.90182
20060335,2006-04-16 14:00:00,-56.60934,-21.79035,1.87926
20060335,2006-04-16 15:00:00,-56.54865,-21.56145,1.90181
20060335,2006-04-16 16:00:00,-56.52179,-22.20859,1.90476
20060335,2006-04-16 17:00:00,-56.44168,-22.37734,1.91727
20060335,2006-04-16 18:00:00,-56.32608,-22.53134,1.91300
20060335,2006-04-16 19:00:00,-56.30765,-22.24399,1.92912
20060335,2006-04-16 20:00:00,-56.19110,-22.13125,2.08113
20060335,2006-04-16 21:00:00,-56.01914,-22.15093,2.09743
20060335,2006-04-16 22:00:00,-55.84766,-22.31902,1.89819
20060335,2006-04-16 23:00:00,-55.87204,-22.08606,1.83184
20060335,2006-04-17 00:00:00,-55.91971,-21.82619,1.79589
20060335,2006-04-17 01:00:00,-55.88235,-21.60584,1.83574
20060335,2006-04-17 02:00:00,-55.87940,-21.41560,1.82993
20060335,2006-04-17 03:00:00,-55.90414,-21.19316,1.81506
20060335,2006-04-17 04:00:00,-55.87286,-20.97958,1.82595
20060335,2006-04-17 05:00:00,-55.86395,-20.72557,1.77779
20060335,2006-04-17 06:00:00,-55.81836,-20.57129,1.71931
20060335,2006-04-17 07:00:00,-55.73972,-20.38038,1.65040
20060335,2006-04-17 08:00:00,-55.76498,-20.29992,1.58962
20060335,2006-04-17 09:00:00,-55.76187,-20.35509,1.55113
20060335,2006-04-17 10:00:00,-55.76556,-20.45326,1.33113
20060335,2006-04-17 11:00:00,-55.80627,-20.42090,1.32542
20060335,2006-04-17 12:00:00,-55.90707,-20.70737,1.29829
20060335,2006-04-17 13:00:00,-56.07959,-21.05918,1.31929
20060335,2006-04-17 14:00:00,-56.11545,-21.18468,1.33079
20060335,2006-04-17 15:00:00,-56.25690,-21.60024,1.31061
20060335,2006-04-17 16:00:00,-56.33481,-21.78176,1.26306
20060335,2006-04-17 17:00:00,-56.45871,-22.24303,1.14949
20060335,2006-04-17 18:00:00,-56.36359,-22.47298,1.12347
20060336,2006-04-14 17:00:00,-155.98376,-32.42290,2.35104
20060336,2006-04-14 18:00:00,-154.84366,-32.70302,2.56571
20060336,2006-04-14 19:00:00,-154.45233,-32.73959,2.55583
20060336,2006-04-14 20:00:00,-153.98093,-32.85163,2.71571
20060336,2006-04-14 21:00:00,-153.17676,-33.06907,2.83888
20060336,2006-04-14 22:00:00,-153.21141,-32.92818,3.12403
20060336,2006-04-14 23:00:00,-152.82202,-33.04812,3.23165
20060336,2006-04-15 00:00:00,-152.77684,-33.08462,3.03999
20060336,2006-04-15 01:00:00,-152.40108,-33.33791,2.95496
20060336,2006-04-15 02:00:00,-151.43936,-33.79493,3.16782
20060336,2006-04-15 03:00:00,-150.78062,-34.01138,3.17556
20060336,2006-04-15 04:00:00,-150.33104,-34.20093,3.09608
20060336,2006-04-15 05:00:00,-149.55370,-34.45195,3.21843
20060336,2006-04-15 06:00:00,-148.82222,-34.65400,3.25636
20060336,2006-04-15 07:00:00,-148.04677,-34.91406,3.43537
20060336,2006-04-15 08:00:00,-147.35533,-35.17115,3.48325
20060336,2006-04-15 09:00:00,-146.67322,-35.38874,3.51497
20060336,2006-04-15 10:00:00,-147.01781,-35.53081,3.81383
20060336,2006-04-15 11:00:00,-146.28680,-35.79303,4.01378
20060336,2006-04-15 12:00:00,-145.73047,-35.91202,3.98511
20060336,2006-04-15 13:00:00,-145.03206,-36.09317,3.97968
20060336,2006-04-15 14:00:00,-144.03262,-36.29604,4.15611
20060336,2006-04-15 15:00:00,-143.01164,-36.44744,4.30800
20060336,2006-04-15 16:00:00,-142.05617,-36.51927,4.24230
20060336,2006-04-15 17:00:00,-141.53169,-36.52664,3.98443
20060336,2006-04-15 18:00:00,-140.54164,-36.65692,3.91640
20060336,2006-04-15 19:00:00,-139.27434,-36.88852,3.98317
20060336,2006-04-15 20:00:00,-138.20548,-37.08684,4.09237
20060336,2006-04-15 21:00:00,-137.26784,-37.28347,3.94006
20060336,2006-04-15 22:00:00,-136.48807,-37.33676,3.66566
20060336,2006-04-15 23:00:00,-135.21239,-37.60046,3.75674
20060336,2006-04-16 00:00:00,-134.04193,-37.79988,3.84171
20060336,2006-04-16 01:00:00,-133.13701,-37.91949,3.73110
20060336,2006-04-16 02:00:00,-132.41672,-38.01212,3.47549
20060336,2006-04-16 03:00:00,-131.45961,-38.14199,3.27458
20060336,2006-04-16 04:00:00,-130.44879,-38.31556,3.08896
20060336,2006-04-16 05:00:00,-129.35933,-38.49107,2.97842
20060336,2006-04-16 06:00:00,-128.12477,-38.69577,2.95935
20060336,2006-04-16 07:00:00,-126.92567,-38.92646,3.00656
20060336,2006-04-16 08:00:00,-125.81213,-39.13880,3.01335
20060336,2006-04-16 09:00:00,-124.54253,-39.38790,3.11682
20060336,2006-04-16 10:00:00,-122.67033,-39.76190,3.24034
20060336,2006-04-16 11:00:00,-121.44482,-39.98015,3.39501
20060336,2006-04-16 12:00:00,-120.39665,-40.13633,3.48293
20060336,2006-04-16 13:00:00,-119.29680,-40.36193,3.53425
20060336,2006-04-16 14:00:00,-118.23764,-40.53529,3.67320
20060336,2006-04-16 15:00:00,-117.19557,-40.65251,3.74543
20060336,2006-04-16 16:00:00,-116.06424,-40.84716,3.78788
20060336,2006-04-16 17:00:00,-114.96527,-41.01449,3.80918
20060336,2006-04-16 18:00:00,-113.75392,-41.43878,3.94692
20060336,2006-04-16 19:00:00,-112.58484,-41.59502,4.15672
20060336,2006-04-16 20:00:00,-111.45146,-41.78375,4.38829
20060336,2006-04-16 21:00:00,-110.23279,-41.93984,4.69757
20060336,2006-04-16 22:00:00,-109.12477,-41.36725,4.95502
20060336,2006-04-16 23:00:00,-108.00609,-41.57168,5.24309
20060336,2006-04-17 00:00:00,-106.91116,-41.73482,5.41392
20060336,2006-04-17 01:00:00,-105.87428,-41.91950,5.58636
20060336,2006-04-17 02:00:00,-104.83803,-42.03098,5.74053
20060336,2006-04-17 03:00:00,-103.86874,-42.02698,5.91470
20060336,2006-04-17 04:00:00,-102.84900,-42.05218,6.12608
20060336,2006-04-17 05:00:00,-101.85477,-41.96739,6.15548
20060336,2006-04-17 06:00:00,-100.87698,-41.89354,6.45041
20060336,2006-04-17 07:00:00,-99.90634,-41.90409,6.72761
20060336,2006-04-17 08:00:00,-98.90280,-41.82864,6.89077
20060336,2006-04-17 09:00:00,-97.93323,-41.89401,7.11014
20060336,2006-04-17 10:00:00,-96.67828,-41.96958,7.39024
20060336,2006-04-17 11:00:00,-95.75479,-42.04790,7.61026
20060336,2006-04-17 12:00:00,-94.79770,-42.04385,7.94009
20060336,2006-04-17 13:00:00,-93.91293,-42.09935,8.23629
20060336,2006-04-17 14:00:00,-92.99826,-42.07280,8.56075
20060336,2006-04-17 15:00:00,-92.21451,-42.14726,8.72607
20060336,2006-04-17 16:00:00,-91.36789,-42.22660,8.84586
20060336,2006-04-17 17:00:00,-90.61212,-42.30145,8.63612
20060336,2006-04-17 18:00:00,-89.66721,-42.40728,8.83674
20060336,2006-04-17 19:00:00,-88.81686,-42.47285,8.67320
20060336,2006-04-17 20:00:00,-87.86438,-42.60289,8.64304
20060336,2006-04-17 21:00:00,-86.95429,-42.73877,8.73812
20060336,2006-04-17 22:00:00,-85.80978,-42.84312,9.08015
20060336,2006-04-17 23:00:00,-84.96616,-43.01739,9.12378
20060336,2006-04-18 00:00:00,-84.18033,-43.20341,9.10986
20060336,2006-04-18 01:00:00,-83.48102,-43.40169,9.23939
20060336,2006-04-18 02:00:00,-82.89099,-43.55012,9.29337
20060336,2006-04-18 03:00:00,-82.41251,-43.67715,9.33898
20060336,2006-04-18 04:00:00,-81.94977,-43.81654,9.26712
20060336,2006-04-18 05:00:00,-81.53088,-43.98861,9.16149
20060336,2006-04-18 06:00:00,-81.10553,-44.15516,8.97634
20060336,2006-04-18 07:00:00,-80.64325,-44.37447,8.64753
20060336,2006-04-18 08:00:00,-80.21832,-44.59575,8.34893
20060336,2006-04-18 09:00:00,-79.69888,-44.89708,8.00359
20060336,2006-04-18 10:00:00,-79.08368,-45.06813,7.55246
20060336,2006-04-18 11:00:00,-78.63632,-45.25596,7.25022
20060336,2006-04-18 12:00:00,-78.23019,-45.56211,6.98498
20060336,2006-04-18 13:00:00,-77.95398,-45.84657,6.58331
20060336,2006-04-18 14:00:00,-77.70300,-46.09494,6.21335
20060336,2006-04-18 15:00:00,-77.44565,-46.39642,5.86439
20060336,2006-04-18 16:00:00,-77.21860,-46.75680,5.47072
20060336,2006-04-18 17:00:00,-76.87738,-47.14362,5.05805
20060336,2006-04-18 18:00:00,-76.38678,-47.53406,4.70443
20060336,2006-04-18 19:00:00,-75.84518,-47.84586,4.41728
20060336,2006-04-18 20:00:00,-74.89963,-48.29435,4.39541
20060336,2006-04-18 21:00:00,-74.09329,-48.74635,4.37094
20060336,2006-04-18 22:00:00,-72.39270,-49.35174,4.42106
20060336,2006-04-18 23:00:00,-70.24988,-50.38737,4.37413
20060336,2006-04-19 00:00:00,-68.22797,-51.12452,4.41568
20060336,2006-04-19 01:00:00,-67.16785,-51.53178,4.54103
20060336,2006-04-19 02:00:00,-66.44241,-51.85170,4.62473
20060336,2006-04-19 03:00:00,-65.81485,-52.18632,4.63155
20060336,2006-04-19 04:00:00,-65.23062,-52.56051,4.60783
20060336,2006-04-19 05:00:00,-64.74783,-52.87885,4.53760
20060336,2006-04-19 06:00:00,-64.49011,-53.24173,4.58845
20060336,2006-04-19 07:00:00,-64.65506,-53.47462,4.68804
20060336,2006-04-19 08:00:00,-64.84244,-53.68283,4.85786
20060336,2006-04-19 09:00:00,-64.92108,-53.89949,5.03930
20060336,2006-04-19 10:00:00,-64.53531,-54.04557,5.19238
20060336,2006-04-19 11:00:00,-64.42300,-54.22417,5.27507
20060336,2006-04-19 12:00:00,-64.03815,-54.42519,5.29416
20060336,2006-04-19 13:00:00,-63.56500,-54.59967,5.23174
20060336,2006-04-19 14:00:00,-62.82806,-54.83908,5.21285
20060336,2006-04-19 15:00:00,-62.25763,-54.97369,5.20797
20060336,2006-04-19 16:00:00,-61.64887,-55.10519,5.16603
20060336,2006-04-19 17:00:00,-60.81930,-55.32472,5.05172
20060336,2006-04-19 18:00:00,-59.92572,-55.58959,4.88649
20060336,2006-04-19 19:00:00,-59.69318,-55.66496,4.60275
20060336,2006-04-19 20:00:00,-60.58258,-55.37099,4.31877
20060336,2006-04-19 21:00:00,-61.38950,-54.97315,4.08999
20060337,2006-04-14 21:00:00,-57.50995,-69.88963,1.97928
20060337,2006-04-14 22:00:00,-54.98633,-70.30887,2.24608
20060337,2006-04-14 23:00:00,-52.50473,-70.54676,2.49216
20060337,2006-04-15 00:00:00,-50.47247,-70.78680,2.90672
20060337,2006-04-15 01:00:00,-49.17615,-70.83931,3.35923
20060337,2006-04-15 02:00:00,-48.13614,-70.80116,3.83712
20060337,2006-04-15 03:00:00,-47.28992,-70.70238,4.27043
20060337,2006-04-15 04:00:00,-46.46463,-70.60123,4.52778
20060337,2006-04-15 05:00:00,-45.53354,-70.55572,4.58730
20060337,2006-04-15 06:00:00,-44.63956,-70.54694,4.56891
20060337,2006-04-15 07:00:00,-43.57492,-70.72038,4.47899
20060337,2006-04-15 08:00:00,-42.39044,-70.95896,4.48576
20060337,2006-04-15 09:00:00,-41.22427,-71.24855,4.56262
20060337,2006-04-15 10:00:00,-40.59964,-71.35619,4.81311
20060337,2006-04-15 11:00:00,-39.46634,-71.56747,4.94246
20060337,2006-04-15 12:00:00,-38.41379,-71.69153,5.02240
20060337,2006-04-15 13:00:00,-37.40909,-71.74264,5.02377
20060337,2006-04-15 14:00:00,-36.34787,-71.73841,4.97896
20060337,2006-04-15 15:00:00,-35.24737,-71.70850,4.91326
20060337,2006-04-15 16:00:00,-34.16537,-71.66416,4.86225
20060337,2006-04-15 17:00:00,-33.16425,-71.62428,4.79311
20060337,2006-04-15 18:00:00,-32.25656,-71.60471,4.67849
20060337,2006-04-15 19:00:00,-31.51672,-71.60691,4.54527
20060337,2006-04-15 20:00:00,-30.95050,-71.64906,4.39698
20060337,2006-04-15 21:00:00,-30.47952,-71.71868,4.25297
20060337,2006-04-15 22:00:00,-30.51975,-71.87569,4.18715
20060337,2006-04-15 23:00:00,-30.20007,-71.95295,4.10885
20060337,2006-04-16 00:00:00,-29.72610,-71.96459,4.05459
20060337,2006-04-16 01:00:00,-29.19894,-71.94442,3.99926
20060337,2006-04-16 02:00:00,-28.49420,-71.85035,3.89335
20060337,2006-04-16 03:00:00,-27.95633,-71.76946,3.76443
20060337,2006-04-16 04:00:00,-27.59283,-71.72944,3.65070
20060337,2006-04-16 05:00:00,-27.64929,-71.79059,3.55461
20060337,2006-04-16 06:00:00,-28.28058,-71.98352,3.46467
20060337,2006-04-16 07:00:00,-29.15335,-72.22453,3.41973
20060337,2006-04-16 08:00:00,-29.66260,-72.33826,3.42183
20060337,2006-04-16 09:00:00,-29.58859,-72.25880,3.45522
20060337,2006-04-16 10:00:00,-29.42639,-71.81093,3.43671
20060337,2006-04-16 11:00:00,-29.35715,-71.68201,3.48922
20060337,2006-04-16 12:00:00,-29.09824,-71.58591,3.51063
20060337,2006-04-16 13:00:00,-28.58285,-71.51589,3.50880
20060337,2006-04-16 14:00:00,-27.86429,-71.44569,3.46732
20060337,2006-04-16 15:00:00,-27.10751,-71.36581,3.46292
20060337,2006-04-16 16:00:00,-26.39035,-71.27205,3.47388
20060337,2006-04-16 17:00:00,-25.73547,-71.18262,3.50407
20060337,2006-04-16 18:00:00,-25.16901,-71.10979,3.50777
20060337,2006-04-16 19:00:00,-24.56342,-71.07551,3.47763
20060337,2006-04-16 20:00:00,-23.91025,-71.07379,3.41509
20060337,2006-04-16 21:00:00,-23.26236,-71.09958,3.31577
20060337,2006-04-16 22:00:00,-23.12363,-71.16324,3.37967
20060337,2006-04-16 23:00:00,-22.56912,-71.24416,3.19737
20060337,2006-04-17 00:00:00,-22.01260,-71.31841,3.02196
20060337,2006-04-17 01:00:00,-21.48294,-71.40106,2.86306
20060337,2006-04-17 02:00:00,-21.01303,-71.45403,2.67905
20060337,2006-04-17 03:00:00,-20.63925,-71.50938,2.48414
20060337,2006-04-17 04:00:00,-20.33026,-71.57483,2.26062
20060337,2006-04-17 05:00:00,-20.13434,-71.67860,2.02766
20060338,2006-04-15 15:00:00,-54.46503,-45.28664,6.11764
20060338,2006-04-15 16:00:00,-54.19794,-45.02293,6.04621
20060338,2006-04-15 17:00:00,-53.93625,-44.77402,5.96525
20060338,2006-04-15 18:00:00,-53.65433,-44.48870,5.87285
20060338,2006-04-15 19:00:00,-53.31763,-44.18647,5.81713
20060338,2006-04-15 20:00:00,-53.00784,-43.89443,5.74902
20060338,2006-04-15 21:00:00,-52.64581,-43.60052,5.76565
20060338,2006-04-15 22:00:00,-52.20084,-43.25219,5.69107
20060338,2006-04-15 23:00:00,-51.80759,-42.99729,5.62876
20060338,2006-04-16 00:00:00,-51.44385,-42.75446,5.62556
20060338,2006-04-16 01:00:00,-51.06369,-42.50073,5.63915
20060338,2006-04-16 02:00:00,-50.70328,-42.28731,5.52609
20060338,2006-04-16 03:00:00,-50.39267,-42.09919,5.41843
20060338,2006-04-16 04:00:00,-50.06094,-41.86801,5.33192
20060338,2006-04-16 05:00:00,-49.77328,-41.60684,5.22320
20060338,2006-04-16 06:00:00,-49.49439,-41.36748,5.10038
20060338,2006-04-16 07:00:00,-49.15469,-41.14451,4.98535
20060338,2006-04-16 08:00:00,-48.80597,-40.89972,4.93143
20060338,2006-04-16 09:00:00,-48.47888,-40.66492,4.74855
20060338,2006-04-16 10:00:00,-48.19516,-40.24378,4.74283
20060338,2006-04-16 11:00:00,-47.80780,-40.06985,4.67254
20060338,2006-04-16 12:00:00,-47.46341,-39.88049,4.57748
20060338,2006-04-16 13:00:00,-47.15301,-39.67794,4.41296
20060338,2006-04-16 14:00:00,-46.78888,-39.50050,4.31305
20060338,2006-04-16 15:00:00,-46.38318,-39.30616,4.22198
20060338,2006-04-16 16:00:00,-46.02350,-39.07562,4.14699
20060338,2006-04-16 17:00:00,-45.66818,-38.85099,4.03309
20060338,2006-04-16 18:00:00,-45.26425,-38.63049,3.93971
20060338,2006-04-16 19:00:00,-44.92453,-38.43505,3.81438
20060338,2006-04-16 20:00:00,-44.61874,-38.21188,3.73679
20060338,2006-04-16 21:00:00,-44.31253,-38.08289,3.63444
20060338,2006-04-16 22:00:00,-43.90057,-37.93339,3.47924
20060338,2006-04-16 23:00:00,-43.55307,-37.75707,3.38770
20060338,2006-04-17 00:00:00,-43.14481,-37.62291,3.31045
20060338,2006-04-17 01:00:00,-42.75226,-37.51683,3.26671
20060338,2006-04-17 02:00:00,-42.43234,-37.42352,3.16998
20060338,2006-04-17 03:00:00,-42.09595,-37.34123,3.08725
20060338,2006-04-17 04:00:00,-41.67572,-37.26223,3.05096
20060338,2006-04-17 05:00:00,-41.08179,-37.20485,3.06991
20060338,2006-04-17 06:00:00,-40.66534,-37.09581,3.00767
20060338,2006-04-17 07:00:00,-40.13202,-36.90083,2.95500
20060338,2006-04-17 08:00:00,-39.77139,-36.68848,2.92418
20060338,2006-04-17 09:00:00,-39.31140,-36.49624,2.88426
20060338,2006-04-17 10:00:00,-38.47656,-36.32714,2.91553
20060338,2006-04-17 11:00:00,-38.25153,-36.06162,2.90527
20060338,2006-04-17 12:00:00,-38.02866,-35.83631,2.86046
20060338,2006-04-17 13:00:00,-37.67776,-35.75119,2.83826
20060338,2006-04-17 14:00:00,-37.48495,-35.65362,2.77321
20060338,2006-04-17 15:00:00,-37.14236,-35.47138,2.70415
20060338,2006-04-17 16:00:00,-36.73203,-35.38547,2.71863
20060338,2006-04-17 17:00:00,-36.34280,-35.29958,2.63105
20060338,2006-04-17 18:00:00,-36.05576,-35.18827,2.60510
20060338,2006-04-17 19:00:00,-35.63861,-35.05542,2.58393
20060338,2006-04-17 20:00:00,-34.94330,-34.90494,2.57980
20060338,2006-04-17 21:00:00,-34.22662,-34.70340,2.58284
20060338,2006-04-17 22:00:00,-33.53015,-34.92127,2.65691
20060338,2006-04-17 23:00:00,-32.49527,-34.81735,2.75591
20060338,2006-04-18 00:00:00,-31.02814,-34.72802,2.92610
20060338,2006-04-18 01:00:00,-30.56677,-34.58908,3.02920
20060338,2006-04-18 02:00:00,-30.12216,-34.54523,3.16150
20060338,2006-04-18 03:00:00,-29.48813,-34.52322,3.31691
20060338,2006-04-18 04:00:00,-29.04019,-34.60498,3.36765
20060338,2006-04-18 05:00:00,-28.16397,-34.74034,3.46398
20060338,2006-04-18 06:00:00,-27.18780,-34.81930,3.61827
20060338,2006-04-18 07:00:00,-26.36658,-35.06376,3.74131
20060338,2006-04-18 08:00:00,-26.01627,-35.06714,3.78583
20060338,2006-04-18 09:00:00,-25.50690,-35.01429,3.95538
20060338,2006-04-18 10:00:00,-26.12454,-35.03944,3.74137
20060338,2006-04-18 11:00:00,-25.51651,-35.14516,3.75711
20060338,2006-04-18 12:00:00,-24.65692,-35.35172,3.82506
20060338,2006-04-18 13:00:00,-23.78171,-35.52450,3.87906
20060338,2006-04-18 14:00:00,-23.43225,-35.61055,3.74705
20060338,2006-04-18 15:00:00,-22.32520,-36.15086,3.62151
20060339,2006-04-15 18:00:00,-58.26669,-77.44436,3.20783
20060339,2006-04-15 19:00:00,-54.86984,-77.40264,3.48596
20060339,2006-04-15 20:00:00,-52.45764,-77.28751,3.62415
20060339,2006-04-15 21:00:00,-50.63403,-77.13409,3.68191
20060339,2006-04-15 22:00:00,-49.73242,-77.00083,3.80151
20060339,2006-04-15 23:00:00,-49.17728,-77.01320,3.79621
20060339,2006-04-16 00:00:00,-49.80170,-77.17958,3.80049
20060339,2006-04-16 01:00:00,-50.80432,-77.42890,3.85771
20060339,2006-04-16 02:00:00,-51.52057,-77.68723,3.95715
20060339,2006-04-16 03:00:00,-51.82007,-77.92677,4.11277
20060339,2006-04-16 04:00:00,-51.69882,-78.10619,4.25012
20060339,2006-04-16 05:00:00,-51.20996,-78.21880,4.28297
20060339,2006-04-16 06:00:00,-50.83322,-78.31529,4.28017
20060339,2006-04-16 07:00:00,-50.47504,-78.38499,4.28036
20060339,2006-04-16 08:00:00,-50.16757,-78.48498,4.26086
20060339,2006-04-16 09:00:00,-50.19067,-78.60435,4.22778
20060339,2006-04-16 10:00:00,-50.99951,-78.81607,4.40891
20060339,2006-04-16 11:00:00,-51.33285,-78.93017,4.52859
20060339,2006-04-16 12:00:00,-51.63995,-79.02609,4.58849
20060339,2006-04-16 13:00:00,-51.93973,-79.11065,4.62869
20060339,2006-04-16 14:00:00,-52.34076,-79.18813,4.62537
20060339,2006-04-16 15:00:00,-52.92188,-79.24513,4.57847
20060339,2006-04-16 16:00:00,-53.62943,-79.26457,4.57267
20060339,2006-04-16 17:00:00,-54.17929,-79.23911,4.60700
20060339,2006-04-16 18:00:00,-54.42728,-79.20076,4.66161
20060339,2006-04-16 19:00:00,-54.56335,-79.15839,4.69097
20060339,2006-04-16 20:00:00,-54.63153,-79.14621,4.68755
20060339,2006-04-16 21:00:00,-54.74609,-79.11723,4.67377
20060339,2006-04-16 22:00:00,-55.47913,-78.88721,4.80973
20060339,2006-04-16 23:00:00,-55.51257,-78.86166,4.78184
20060339,2006-04-17 00:00:00,-55.45450,-78.80145,4.74632
20060339,2006-04-17 01:00:00,-55.33295,-78.68960,4.74605
20060339,2006-04-17 02:00:00,-55.09451,-78.55542,4.72380
20060339,2006-04-17 03:00:00,-54.72818,-78.44009,4.69732
20060339,2006-04-17 04:00:00,-54.10803,-78.39784,4.60836
20060339,2006-04-17 05:00:00,-53.25440,-78.39507,4.45880
20060339,2006-04-17 06:00:00,-52.31348,-78.38419,4.30537
20060339,2006-04-17 07:00:00,-51.36252,-78.35941,4.19773
20060339,2006-04-17 08:00:00,-50.56888,-78.32838,4.09036
20060339,2006-04-17 09:00:00,-49.95139,-78.33571,3.98091
20060339,2006-04-17 10:00:00,-49.49420,-78.46301,4.10333
20060339,2006-04-17 11:00:00,-49.33102,-78.62917,4.02048
20060339,2006-04-17 12:00:00,-48.62650,-78.74397,3.99361
20060339,2006-04-17 13:00:00,-48.32541,-78.79352,3.93958
20060339,2006-04-17 14:00:00,-48.21860,-78.86527,3.85744
20060339,2006-04-17 15:00:00,-48.24554,-78.87165,3.77197
20060339,2006-04-17 16:00:00,-48.09415,-78.95193,3.65199
20060339,2006-04-17 17:00:00,-47.66437,-79.08944,3.54383
20060339,2006-04-17 18:00:00,-47.11575,-79.28938,3.41430
20060339,2006-04-17 19:00:00,-46.57617,-79.55362,3.27497
20060339,2006-04-17 20:00:00,-46.21118,-79.83381,3.14786
20060339,2006-04-17 21:00:00,-46.01669,-80.13595,3.03183
20060339,2006-04-17 22:00:00,-45.08581,-80.41206,2.85372
20060339,2006-04-17 23:00:00,-45.10690,-80.78281,2.65686
20060339,2006-04-18 00:00:00,-45.45367,-81.16215,2.37862
20060339,2006-04-18 01:00:00,-45.86853,-81.53387,2.05621
20060339,2006-04-18 02:00:00,-46.36423,-81.89053,1.72377
20060339,2006-04-18 03:00:00,-47.14667,-82.13733,1.41854
20060339,2006-04-18 04:00:00,-47.90735,-82.37702,1.13286
20060340,2006-04-15 19:00:00,-57.20615,-64.15088,1.59085
20060340,2006-04-15 20:00:00,-55.37994,-64.12059,1.67765
20060340,2006-04-15 21:00:00,-53.90970,-64.09366,1.71387
20060340,2006-04-15 22:00:00,-53.41852,-63.62185,1.84418
20060340,2006-04-15 23:00:00,-52.86475,-63.71024,1.91032
20060340,2006-04-16 00:00:00,-52.17719,-63.86476,2.03440
20060340,2006-04-16 01:00:00,-51.61758,-64.03213,2.20630
20060340,2006-04-16 02:00:00,-51.19919,-64.21169,2.38603
20060340,2006-04-16 03:00:00,-50.83667,-64.24388,2.55472
20060340,2006-04-16 04:00:00,-50.35593,-64.19637,2.70885
20060340,2006-04-16 05:00:00,-49.71683,-64.05203,2.78996
20060340,2006-04-16 06:00:00,-48.99439,-63.89641,2.85369
20060340,2006-04-16 07:00:00,-48.25473,-63.76249,2.85974
20060340,2006-04-16 08:00:00,-47.40695,-63.66406,2.77836
20060340,2006-04-16 09:00:00,-46.64615,-63.61815,2.68820
20060340,2006-04-16 10:00:00,-46.19110,-63.70850,2.98005
20060340,2006-04-16 11:00:00,-45.52173,-63.67131,2.94851
20060340,2006-04-16 12:00:00,-45.03699,-63.54307,2.95530
20060340,2006-04-16 13:00:00,-44.49805,-63.36912,2.94890
20060340,2006-04-16 14:00:00,-43.85773,-63.16227,2.95958
20060340,2006-04-16 15:00:00,-43.18671,-62.94226,2.97959
20060340,2006-04-16 16:00:00,-42.53726,-62.73188,2.98543
20060340,2006-04-16 17:00:00,-41.81329,-62.52247,2.95065
20060340,2006-04-16 18:00:00,-41.10974,-62.31180,2.92668
20060340,2006-04-16 19:00:00,-40.47736,-62.11122,2.90847
20060340,2006-04-16 20:00:00,-39.91800,-61.89695,2.92605
20060340,2006-04-16 21:00:00,-39.35623,-61.64803,2.96776
20060340,2006-04-16 22:00:00,-38.76810,-61.30315,3.08319
20060340,2006-04-16 23:00:00,-38.03680,-61.10107,3.18878
20060340,2006-04-17 00:00:00,-37.33182,-60.91408,3.24883
20060340,2006-04-17 01:00:00,-36.53525,-60.73610,3.25182
20060340,2006-04-17 02:00:00,-35.74899,-60.54506,3.19447
20060340,2006-04-17 03:00:00,-34.94208,-60.36190,3.15235
20060340,2006-04-17 04:00:00,-34.07034,-60.15874,3.11953
20060340,2006-04-17 05:00:00,-33.09701,-59.91206,3.12033
20060340,2006-04-17 06:00:00,-32.20169,-59.64634,3.16359
20060340,2006-04-17 07:00:00,-31.40506,-59.41437,3.23438
20060340,2006-04-17 08:00:00,-30.81570,-59.16026,3.30804
20060340,2006-04-17 09:00:00,-30.25827,-58.87573,3.37920
20060340,2006-04-17 10:00:00,-29.49902,-58.81814,3.40753
20060340,2006-04-17 11:00:00,-29.26266,-58.51671,3.43395
20060340,2006-04-17 12:00:00,-29.08444,-58.18992,3.45414
20060340,2006-04-17 13:00:00,-28.82663,-57.84761,3.51003
20060340,2006-04-17 14:00:00,-28.51169,-57.52325,3.55617
20060340,2006-04-17 15:00:00,-28.09067,-57.24807,3.59848
20060340,2006-04-17 16:00:00,-27.67343,-56.97119,3.63641
20060340,2006-04-17 17:00:00,-27.22736,-56.71431,3.67077
20060340,2006-04-17 18:00:00,-26.86890,-56.42380,3.68168
20060340,2006-04-17 19:00:00,-26.54199,-56.09927,3.71281
20060340,2006-04-17 20:00:00,-26.23593,-55.72024,3.78511
20060340,2006-04-17 21:00:00,-25.93915,-55.33512,3.89849
20060340,2006-04-17 22:00:00,-25.07205,-55.12989,4.14301
20060340,2006-04-17 23:00:00,-24.64633,-54.81390,4.34654
20060340,2006-04-18 00:00:00,-24.25504,-54.56448,4.53001
20060340,2006-04-18 01:00:00,-23.92200,-54.36899,4.62313
20060340,2006-04-18 02:00:00,-23.62570,-54.18398,4.61685
20060340,2006-04-18 03:00:00,-23.37018,-53.98430,4.57287
20060340,2006-04-18 04:00:00,-23.08637,-53.78485,4.48399
20060340,2006-04-18 05:00:00,-22.81427,-53.56506,4.44640
20060340,2006-04-18 06:00:00,-22.52618,-53.34925,4.41347
20060340,2006-04-18 07:00:00,-22.28809,-53.11333,4.40239
20060340,2006-04-18 08:00:00,-22.06116,-52.87804,4.41570
20060340,2006-04-18 09:00:00,-21.84845,-52.64087,4.44760
20060340,2006-04-18 10:00:00,-21.42600,-52.51792,4.47369
20060340,2006-04-18 11:00:00,-21.13412,-52.32584,4.45859
20060340,2006-04-18 12:00:00,-20.86572,-52.11876,4.39054
20060340,2006-04-18 13:00:00,-20.60330,-51.95119,4.28650
20060340,2006-04-18 14:00:00,-20.41852,-51.75609,4.14218
20060340,2006-04-18 15:00:00,-20.16345,-51.61457,3.97389
20060340,2006-04-18 16:00:00,-19.91571,-51.48328,3.78171
20060340,2006-04-18 17:00:00,-19.63266,-51.38798,3.60702
20060340,2006-04-18 18:00:00,-19.24509,-51.32388,3.45625
20060340,2006-04-18 19:00:00,-18.90314,-51.21699,3.34322
20060340,2006-04-18 20:00:00,-18.38788,-51.23259,3.19871
20060340,2006-04-18 21:00:00,-17.86435,-51.23327,3.07460
20060340,2006-04-18 22:00:00,-16.69318,-51.63389,2.94732
20060340,2006-04-18 23:00:00,-15.74734,-51.96883,2.76851
20060341,2006-04-16 00:00:00,-100.90109,-41.64355,4.90377
20060341,2006-04-16 01:00:00,-99.93387,-41.54507,5.06017
20060341,2006-04-16 02:00:00,-99.09961,-41.66363,5.28474
20060341,2006-04-16 03:00:00,-98.30469,-41.84302,5.43911
20060341,2006-04-16 04:00:00,-97.56854,-42.08409,5.55754
20060341,2006-04-16 05:00:00,-96.87152,-42.37254,5.64913
20060341,2006-04-16 06:00:00,-96.17786,-42.83707,5.75877
20060341,2006-04-16 07:00:00,-95.47867,-43.38008,5.76713
20060341,2006-04-16 08:00:00,-94.73328,-43.94067,5.84598
20060341,2006-04-16 09:00:00,-93.92368,-44.51723,5.96299
20060341,2006-04-16 10:00:00,-92.95395,-45.20455,5.99445
20060341,2006-04-16 11:00:00,-92.22525,-45.70730,6.05401
20060341,2006-04-16 12:00:00,-91.49875,-46.29391,6.21026
20060341,2006-04-16 13:00:00,-90.83899,-47.01548,6.31050
20060341,2006-04-16 14:00:00,-90.25830,-47.71849,6.36480
20060341,2006-04-16 15:00:00,-89.71414,-48.36571,6.37630
20060341,2006-04-16 16:00:00,-89.25363,-48.95327,6.31215
20060341,2006-04-16 17:00:00,-88.85535,-49.54843,6.15948
20060341,2006-04-16 18:00:00,-88.50888,-50.22802,6.04639
20060341,2006-04-16 19:00:00,-88.21429,-50.90206,6.03559
20060341,2006-04-16 20:00:00,-87.93610,-51.51962,5.97453
20060341,2006-04-16 21:00:00,-87.71625,-52.11488,5.94038
20060341,2006-04-16 22:00:00,-87.63083,-53.15611,5.99213
20060341,2006-04-16 23:00:00,-87.46762,-53.88673,6.09169
20060341,2006-04-17 00:00:00,-87.20636,-54.54625,6.18075
20060341,2006-04-17 01:00:00,-86.81851,-55.23885,6.25751
20060341,2006-04-17 02:00:00,-86.26657,-55.97042,6.34680
20060341,2006-04-17 03:00:00,-85.77911,-56.58273,6.43907
20060341,2006-04-17 04:00:00,-85.51816,-57.01313,6.49023
20060341,2006-04-17 05:00:00,-85.15500,-57.47087,6.45020
20060341,2006-04-17 06:00:00,-84.81503,-57.91352,6.39262
20060341,2006-04-17 07:00:00,-84.42621,-58.34972,6.35369
20060341,2006-04-17 08:00:00,-83.90964,-58.82162,6.34713
20060341,2006-04-17 09:00:00,-83.37698,-59.20885,6.38296
20060341,2006-04-17 10:00:00,-82.56128,-59.68039,6.24966
20060341,2006-04-17 11:00:00,-82.10562,-59.92517,6.33945
20060341,2006-04-17 12:00:00,-81.59045,-60.19842,6.43115
20060341,2006-04-17 13:00:00,-81.00510,-60.47769,6.50686
20060341,2006-04-17 14:00:00,-80.40152,-60.75811,6.51643
20060341,2006-04-17 15:00:00,-79.74625,-61.03779,6.42959
20060341,2006-04-17 16:00:00,-79.24176,-61.18947,6.26082
20060341,2006-04-17 17:00:00,-78.71222,-61.27420,6.12567
20060341,2006-04-17 18:00:00,-78.04431,-61.43207,6.00295
20060341,2006-04-17 19:00:00,-77.34811,-61.61424,5.91283
20060341,2006-04-17 20:00:00,-76.50525,-61.90189,5.80846
20060341,2006-04-17 21:00:00,-75.64535,-62.16571,5.78138
20060341,2006-04-17 22:00:00,-74.28348,-62.72893,5.86150
20060341,2006-04-17 23:00:00,-73.37766,-62.86374,5.77551
20060341,2006-04-18 00:00:00,-72.46790,-62.95280,5.64619
20060341,2006-04-18 01:00:00,-71.55792,-63.03761,5.48867
20060341,2006-04-18 02:00:00,-70.58511,-63.14381,5.36297
20060341,2006-04-18 03:00:00,-69.46783,-63.34097,5.28203
20060341,2006-04-18 04:00:00,-68.34119,-63.52728,5.21738
20060341,2006-04-18 05:00:00,-67.15912,-63.73637,5.08236
20060341,2006-04-18 06:00:00,-65.90393,-63.95397,4.95937
20060341,2006-04-18 07:00:00,-64.56937,-64.22449,4.82681
20060341,2006-04-18 08:00:00,-63.22476,-64.51238,4.75177
20060341,2006-04-18 09:00:00,-61.89307,-64.80560,4.63226
20060341,2006-04-18 10:00:00,-59.90973,-65.30482,4.29288
20060341,2006-04-18 11:00:00,-57.82169,-65.76414,4.05183
20060342,2006-04-16 03:00:00,-113.88777,-71.41280,3.93410
20060342,2006-04-16 04:00:00,-114.25342,-71.37069,3.92498
20060342,2006-04-16 05:00:00,-112.63701,-71.38160,3.90102
20060342,2006-04-16 06:00:00,-111.86264,-71.37281,3.88385
20060342,2006-04-16 07:00:00,-111.30406,-71.37264,3.88731
20060342,2006-04-16 08:00:00,-111.02377,-71.34666,3.90014
20060342,2006-04-16 09:00:00,-110.59618,-71.34791,3.88133
20060342,2006-04-16 10:00:00,-109.81633,-71.43229,3.82440
20060342,2006-04-16 11:00:00,-108.82655,-71.43594,3.81799
20060342,2006-04-16 12:00:00,-107.69485,-71.45647,3.79503
20060342,2006-04-16 13:00:00,-106.62300,-71.47207,3.79408
20060342,2006-04-16 14:00:00,-105.80304,-71.49204,3.79479
20060342,2006-04-16 15:00:00,-105.08046,-71.52191,3.79400
20060342,2006-04-16 16:00:00,-104.45306,-71.57436,3.73029
20060342,2006-04-16 17:00:00,-104.07918,-71.62007,3.68682
20060342,2006-04-16 18:00:00,-103.66568,-71.69614,3.65588
20060342,2006-04-16 19:00:00,-103.21399,-71.77302,3.60957
20060342,2006-04-16 20:00:00,-102.90384,-71.84110,3.53143
20060342,2006-04-16 21:00:00,-102.58203,-71.93818,3.42267
20060342,2006-04-16 22:00:00,-101.74789,-72.05920,3.17606
20060342,2006-04-16 23:00:00,-101.09000,-72.11961,3.08096
20060342,2006-04-17 00:00:00,-100.80771,-72.11445,3.04277
20060342,2006-04-17 01:00:00,-100.70563,-72.09451,3.03601
20060342,2006-04-17 02:00:00,-100.76022,-72.06978,3.03296
20060342,2006-04-17 03:00:00,-100.92444,-72.09299,2.95726
20060342,2006-04-17 04:00:00,-101.14676,-72.13734,2.84887
20060342,2006-04-17 05:00:00,-101.13565,-72.21038,2.75866
20060342,2006-04-17 06:00:00,-100.87412,-72.28696,2.69457
20060342,2006-04-17 07:00:00,-100.53375,-72.36687,2.66004
20060342,2006-04-17 08:00:00,-100.03537,-72.40566,2.64460
20060342,2006-04-17 09:00:00,-99.75986,-72.44412,2.62364
20060342,2006-04-17 10:00:00,-99.35696,-72.47334,2.55618
20060342,2006-04-17 11:00:00,-99.51959,-72.42213,2.57453
20060342,2006-04-17 12:00:00,-99.18133,-72.44613,2.58705
20060342,2006-04-17 13:00:00,-98.73102,-72.49233,2.54893
20060342,2006-04-17 14:00:00,-98.32101,-72.50937,2.55767
20060342,2006-04-17 15:00:00,-97.92664,-72.54363,2.54048
20060342,2006-04-17 16:00:00,-97.43021,-72.56109,2.52699
20060342,2006-04-17 17:00:00,-96.97479,-72.56673,2.50240
20060342,2006-04-17 18:00:00,-96.64398,-72.52840,2.52590
20060342,2006-04-17 19:00:00,-96.48059,-72.53061,2.56256
20060342,2006-04-17 20:00:00,-96.30392,-72.56118,2.56301
20060342,2006-04-17 21:00:00,-95.97424,-72.61216,2.54711
20060342,2006-04-17 22:00:00,-95.99820,-72.47935,2.58717
20060342,2006-04-17 23:00:00,-95.27335,-72.39929,2.65101
20060342,2006-04-18 00:00:00,-94.55374,-72.39226,2.68930
20060342,2006-04-18 01:00:00,-93.83569,-72.40317,2.70794
20060342,2006-04-18 02:00:00,-93.02899,-72.42146,2.76196
20060342,2006-04-18 03:00:00,-92.15488,-72.45331,2.90611
20060342,2006-04-18 04:00:00,-91.39398,-72.46870,3.05454
20060342,2006-04-18 05:00:00,-90.27051,-72.39972,3.18907
20060342,2006-04-18 06:00:00,-89.04831,-72.24471,3.32150
20060342,2006-04-18 07:00:00,-87.92429,-72.11182,3.46817
20060342,2006-04-18 08:00:00,-86.90686,-71.98774,3.65650
20060342,2006-04-18 09:00:00,-86.07642,-71.89317,3.79296
20060342,2006-04-18 10:00:00,-85.35364,-71.65633,3.88308
20060342,2006-04-18 11:00:00,-84.34399,-71.61205,3.94225
20060342,2006-04-18 12:00:00,-83.59140,-71.48502,3.93874
20060342,2006-04-18 13:00:00,-82.83234,-71.35834,3.89077
20060342,2006-04-18 14:00:00,-82.15277,-71.24046,3.89023
20060342,2006-04-18 15:00:00,-81.57990,-71.11568,3.82758
20060342,2006-04-18 16:00:00,-81.03415,-71.03608,3.82270
20060342,2006-04-18 17:00:00,-80.30859,-70.95626,3.77041
20060342,2006-04-18 18:00:00,-79.42764,-70.92411,3.62899
20060342,2006-04-18 19:00:00,-78.76886,-70.81398,3.49078
20060342,2006-04-18 20:00:00,-78.12741,-70.68247,3.31278
20060342,2006-04-18 21:00:00,-77.35492,-70.55233,3.16386
20060342,2006-04-18 22:00:00,-76.50464,-70.46100,2.80438
20060342,2006-04-18 23:00:00,-75.72192,-70.36839,2.57551
20060342,2006-04-19 00:00:00,-74.78098,-70.33017,2.35712
20060343,2006-04-16 03:00:00,-24.66141,-53.15013,4.87015
20060343,2006-04-16 04:00:00,-23.96692,-53.44206,4.99069
20060343,2006-04-16 05:00:00,-23.28625,-53.74844,5.07111
20060343,2006-04-16 06:00:00,-22.54779,-54.04282,5.12645
20060343,2006-04-16 07:00:00,-21.79202,-54.34046,5.14857
20060343,2006-04-16 08:00:00,-20.98428,-54.62112,5.15006
20060343,2006-04-16 09:00:00,-20.26675,-54.94273,5.20810
20060343,2006-04-16 10:00:00,-19.76642,-55.33948,5.43828
20060343,2006-04-16 11:00:00,-19.05408,-55.64529,5.48202
20060343,2006-04-16 12:00:00,-18.39392,-55.94124,5.45738
20060343,2006-04-16 13:00:00,-17.68204,-56.20594,5.33780
20060343,2006-04-16 14:00:00,-17.06372,-56.49096,5.18351
20060343,2006-04-16 15:00:00,-16.46451,-56.77045,5.01039
20060343,2006-04-16 16:00:00,-15.97772,-57.09135,4.83769
20060343,2006-04-16 17:00:00,-15.49506,-57.40690,4.72361
20060343,2006-04-16 18:00:00,-15.01285,-57.70422,4.63480
20060343,2006-04-16 19:00:00,-14.53714,-57.97482,4.62200
20060343,2006-04-16 20:00:00,-13.98184,-58.22205,4.52966
20060343,2006-04-16 21:00:00,-13.48102,-58.49190,4.44930
20060343,2006-04-16 22:00:00,-12.92413,-58.63017,4.39887
20060343,2006-04-16 23:00:00,-12.55533,-58.88746,4.20494
20060343,2006-04-17 00:00:00,-12.33002,-59.12525,4.04847
20060343,2006-04-17 01:00:00,-12.13754,-59.33553,3.87556
20060343,2006-04-17 02:00:00,-11.95209,-59.51016,3.78321
20060343,2006-04-17 03:00:00,-11.74921,-59.68041,3.76974
20060343,2006-04-17 04:00:00,-11.47836,-59.85438,3.78826
20060343,2006-04-17 05:00:00,-11.20560,-60.04708,3.78289
20060343,2006-04-17 06:00:00,-10.99576,-60.23686,3.74561
20060343,2006-04-17 07:00:00,-11.03580,-60.39847,3.68559
20060343,2006-04-17 08:00:00,-11.40832,-60.49363,3.59949
20060343,2006-04-17 09:00:00,-12.14151,-60.49709,3.51480
20060344,2006-04-16 18:00:00,-44.22150,-24.72545,1.08347
20060344,2006-04-16 19:00:00,-44.12427,-24.63366,1.21893
20060344,2006-04-16 20:00:00,-44.01126,-24.31437,1.19166
20060344,2006-04-16 21:00:00,-43.55661,-24.34106,1.12943
20060344,2006-04-16 22:00:00,-43.42636,-24.27032,1.23260
20060344,2006-04-16 23:00:00,-42.89297,-24.45337,1.11210
20060344,2006-04-17 00:00:00,-42.85877,-24.29697,1.14876
20060344,2006-04-17 01:00:00,-42.81918,-23.90782,1.22651
20060344,2006-04-17 02:00:00,-42.60580,-23.84138,1.26360
20060344,2006-04-17 03:00:00,-42.36517,-23.88485,1.31164
20060344,2006-04-17 04:00:00,-42.23541,-23.88178,1.38357
20060344,2006-04-17 05:00:00,-41.92322,-23.96250,1.31144
20060344,2006-04-17 06:00:00,-41.74725,-24.04191,1.37073
20060344,2006-04-17 07:00:00,-41.75815,-23.71794,1.39398
20060344,2006-04-17 08:00:00,-41.66788,-23.61072,1.55238
20060344,2006-04-17 09:00:00,-41.43869,-23.66643,1.69751
20060344,2006-04-17 10:00:00,-41.38660,-23.45052,1.53848
20060344,2006-04-17 11:00:00,-41.16183,-23.48885,1.56996
20060344,2006-04-17 12:00:00,-40.75980,-23.66657,1.60957
20060344,2006-04-17 13:00:00,-40.18668,-24.06509,1.68947
20060344,2006-04-17 14:00:00,-39.83923,-24.19320,1.72029
20060344,2006-04-17 15:00:00,-39.73337,-24.10560,1.81563
20060344,2006-04-17 16:00:00,-39.33920,-24.24917,1.83885
20060344,2006-04-17 17:00:00,-38.95105,-24.15878,1.72768
20060344,2006-04-17 18:00:00,-38.71945,-23.93161,1.79807
20060344,2006-04-17 19:00:00,-38.31390,-23.99830,1.94637
20060344,2006-04-17 20:00:00,-37.94720,-23.96000,1.98554
20060344,2006-04-17 21:00:00,-37.53830,-23.76077,1.81035
20060344,2006-04-17 22:00:00,-36.35507,-23.36272,1.20315
20060344,2006-04-17 23:00:00,-36.13705,-23.02492,1.18563
20060344,2006-04-18 00:00:00,-36.10172,-22.51500,1.23629
20060344,2006-04-18 01:00:00,-35.77408,-22.44993,1.22528
20060344,2006-04-18 02:00:00,-36.02869,-21.95530,1.28950
20060344,2006-04-18 03:00:00,-36.35071,-21.49523,1.36356
20060344,2006-04-18 04:00:00,-36.47745,-20.92336,1.34191
20060344,2006-04-18 05:00:00,-36.12003,-20.89346,1.36539
20060344,2006-04-18 06:00:00,-36.03162,-20.91933,1.47450
20060344,2006-04-18 07:00:00,-36.16135,-20.72210,1.60338
20060344,2006-04-18 08:00:00,-36.22080,-20.49021,1.69950
20060344,2006-04-18 09:00:00,-36.27771,-20.27099,1.74476
20060344,2006-04-18 10:00:00,-36.27328,-19.42008,1.57907
20060344,2006-04-18 11:00:00,-36.30823,-19.11528,1.53767
20060344,2006-04-18 12:00:00,-36.67258,-18.78091,1.68262
20060344,2006-04-18 13:00:00,-36.91501,-18.44188,1.72640
20060344,2006-04-18 14:00:00,-36.78278,-18.25033,1.60021
20060344,2006-04-18 15:00:00,-36.75421,-18.03236,1.49511
20060344,2006-04-18 16:00:00,-37.03708,-17.77418,1.48908
20060345,2006-04-16 19:00:00,25.84716,-41.21617,1.13359
20060345,2006-04-16 20:00:00,26.53259,-40.91315,1.28733
20060345,2006-04-16 21:00:00,27.36267,-40.74015,1.37726
20060345,2006-04-16 22:00:00,29.88995,-40.42437,1.48645
20060345,2006-04-16 23:00:00,30.95044,-40.26604,1.89183
20060345,2006-04-17 00:00:00,31.65667,-40.20205,2.17189
20060345,2006-04-17 01:00:00,32.21270,-40.04773,2.38485
20060345,2006-04-17 02:00:00,32.92581,-39.94696,2.69849
20060345,2006-04-17 03:00:00,33.55241,-39.99609,2.99603
20060345,2006-04-17 04:00:00,34.10950,-40.02255,2.92239
20060345,2006-04-17 05:00:00,34.98043,-40.14395,3.38936
20060345,2006-04-17 06:00:00,35.92626,-40.42338,3.45896
20060345,2006-04-17 07:00:00,36.61725,-40.55561,3.45546
20060345,2006-04-17 08:00:00,37.77499,-40.98911,3.65548
20060345,2006-04-17 09:00:00,38.34005,-40.95432,3.65764
20060345,2006-04-17 10:00:00,40.21865,-41.86673,4.01248
20060345,2006-04-17 11:00:00,40.95486,-42.10188,4.17629
20060345,2006-04-17 12:00:00,41.96034,-42.67775,4.42950
20060345,2006-04-17 13:00:00,42.60119,-42.73504,4.65285
20060345,2006-04-17 14:00:00,43.70653,-43.34538,4.49506
20060345,2006-04-17 15:00:00,44.26360,-43.08709,5.03103
20060345,2006-04-17 16:00:00,45.22459,-43.61747,4.92607
20060345,2006-04-17 17:00:00,46.10125,-44.21576,4.83796
20060345,2006-04-17 18:00:00,46.89010,-44.54385,5.23343
20060345,2006-04-17 19:00:00,47.92108,-45.74326,5.18322
20060345,2006-04-17 20:00:00,48.77016,-46.49424,5.38183
20060345,2006-04-17 21:00:00,49.79597,-47.84736,5.49941
20060345,2006-04-17 22:00:00,50.87990,-49.48000,5.25031
20060345,2006-04-17 23:00:00,51.69587,-50.33670,5.35798
20060345,2006-04-18 00:00:00,52.44767,-50.97815,5.49000
20060345,2006-04-18 01:00:00,53.16962,-51.52474,5.55645
20060345,2006-04-18 02:00:00,53.86342,-51.93800,5.65093
20060345,2006-04-18 03:00:00,54.58629,-52.38293,5.76540
20060345,2006-04-18 04:00:00,55.31331,-52.92796,5.79406
20060345,2006-04-18 05:00:00,56.07045,-53.58324,5.83345
20060345,2006-04-18 06:00:00,56.85639,-54.27723,5.85844
20060345,2006-04-18 07:00:00,57.72071,-55.07046,5.92054
20060345,2006-04-18 08:00:00,58.66477,-56.12625,6.06918
20060345,2006-04-18 09:00:00,59.49057,-57.00136,6.33223
20060345,2006-04-18 10:00:00,60.90971,-58.04446,6.59878
20060345,2006-04-18 11:00:00,61.64704,-58.58670,6.83079
20060345,2006-04-18 12:00:00,62.37217,-59.12137,7.08468
20060345,2006-04-18 13:00:00,63.03414,-59.57264,7.41982
20060345,2006-04-18 14:00:00,63.68556,-60.01649,7.76339
20060345,2006-04-18 15:00:00,64.34902,-60.43256,8.06871
20060345,2006-04-18 16:00:00,64.98411,-60.84824,8.38747
20060345,2006-04-18 17:00:00,65.62164,-61.30383,8.69567
20060345,2006-04-18 18:00:00,66.35223,-61.76379,8.95399
20060345,2006-04-18 19:00:00,67.07494,-62.18098,9.22690
20060345,2006-04-18 20:00:00,67.77397,-62.55707,9.47924
20060345,2006-04-18 21:00:00,68.47172,-62.89896,9.70178
20060345,2006-04-18 22:00:00,69.48448,-63.27905,10.14108
20060345,2006-04-18 23:00:00,70.31279,-63.64905,10.18042
20060345,2006-04-19 00:00:00,70.98986,-63.98470,10.30458
20060345,2006-04-19 01:00:00,71.53316,-64.26073,10.37433
20060345,2006-04-19 02:00:00,72.01606,-64.49159,10.36664
20060345,2006-04-19 03:00:00,72.49426,-64.70293,10.26718
20060345,2006-04-19 04:00:00,72.98094,-64.93032,10.07916
20060345,2006-04-19 05:00:00,73.47624,-65.14694,10.00151
20060345,2006-04-19 06:00:00,73.87963,-65.36065,9.87958
20060345,2006-04-19 07:00:00,74.18179,-65.55678,9.72316
20060345,2006-04-19 08:00:00,74.34228,-65.73543,9.52336
20060345,2006-04-19 09:00:00,74.46684,-65.91893,9.20614
20060345,2006-04-19 10:00:00,74.59932,-66.08367,8.74985
20060345,2006-04-19 11:00:00,74.77477,-66.21605,8.44942
20060345,2006-04-19 12:00:00,74.95106,-66.29350,8.19130
20060345,2006-04-19 13:00:00,75.11163,-66.35631,7.90925
20060345,2006-04-19 14:00:00,75.46201,-66.38730,7.54208
20060345,2006-04-19 15:00:00,75.75049,-66.46421,7.18477
20060345,2006-04-19 16:00:00,75.84457,-66.60803,6.92221
20060345,2006-04-19 17:00:00,76.26747,-66.66943,6.54631
20060345,2006-04-19 18:00:00,76.76465,-66.72666,6.14992
20060345,2006-04-19 19:00:00,77.19680,-66.79124,5.77778
20060345,2006-04-19 20:00:00,77.40103,-66.90854,5.52447
20060345,2006-04-19 21:00:00,77.30385,-67.10751,5.20647
20060345,2006-04-19 22:00:00,76.58640,-67.59587,4.94852
20060345,2006-04-19 23:00:00,75.58571,-67.92099,4.80808
20060345,2006-04-20 00:00:00,74.28730,-68.40626,4.52390
20060345,2006-04-20 01:00:00,73.54420,-68.68134,4.34190
20060345,2006-04-20 02:00:00,72.88345,-68.97915,4.08501
20060345,2006-04-20 03:00:00,72.45488,-69.25365,3.80436
20060345,2006-04-20 04:00:00,72.00008,-69.51359,3.66100
20060345,2006-04-20 05:00:00,71.55209,-69.80592,3.52940
20060345,2006-04-20 06:00:00,71.17029,-70.11738,3.38259
20060345,2006-04-20 07:00:00,70.87428,-70.44281,3.18990
20060345,2006-04-20 08:00:00,70.53918,-70.76056,2.97317
20060345,2006-04-20 09:00:00,70.08829,-71.10593,2.71510
20060345,2006-04-20 10:00:00,69.84717,-71.63557,2.44760
20060345,2006-04-20 11:00:00,69.28757,-72.04640,2.24992
20060345,2006-04-20 12:00:00,68.81776,-72.48961,2.05546
20060345,2006-04-20 13:00:00,68.42881,-72.97501,1.88212
20060345,2006-04-20 14:00:00,68.12296,-73.38577,1.76311
20060345,2006-04-20 15:00:00,67.87519,-73.72517,1.66200
20060345,2006-04-20 16:00:00,67.65320,-74.00590,1.57486
20060345,2006-04-20 17:00:00,67.50190,-74.23771,1.49824
20060345,2006-04-20 18:00:00,67.40316,-74.40274,1.40355
20060346,2006-04-17 02:00:00,-3.92044,-51.69523,2.13716
20060346,2006-04-17 03:00:00,-3.37354,-51.23706,2.29263
20060346,2006-04-17 04:00:00,-2.76413,-50.94491,2.43680
20060346,2006-04-17 05:00:00,-2.06540,-50.80774,2.55995
20060346,2006-04-17 06:00:00,-1.29340,-50.78698,2.65403
20060346,2006-04-17 07:00:00,-0.60294,-50.78725,2.66222
20060346,2006-04-17 08:00:00,0.18801,-50.94559,2.65349
20060346,2006-04-17 09:00:00,0.84684,-51.08102,2.70343
20060346,2006-04-17 10:00:00,1.65919,-51.36557,2.87884
20060346,2006-04-17 11:00:00,2.32914,-51.55871,3.10538
20060346,2006-04-17 12:00:00,2.96474,-51.69290,3.34006
20060346,2006-04-17 13:00:00,3.65377,-51.82076,3.52105
20060346,2006-04-17 14:00:00,4.23738,-51.85325,3.72216
20060346,2006-04-17 15:00:00,4.65260,-51.83971,3.96835
20060346,2006-04-17 16:00:00,5.00826,-51.82815,4.20848
20060346,2006-04-17 17:00:00,5.36307,-51.83295,4.50324
20060346,2006-04-17 18:00:00,5.69213,-51.87426,4.87088
20060346,2006-04-17 19:00:00,6.24989,-51.96893,5.20917
20060346,2006-04-17 20:00:00,6.84355,-52.09654,5.49425
20060346,2006-04-17 21:00:00,7.40079,-52.24599,5.84792
20060346,2006-04-17 22:00:00,8.39622,-52.32673,6.58413
20060346,2006-04-17 23:00:00,9.24723,-52.42355,7.00567
20060346,2006-04-18 00:00:00,10.19353,-52.49733,7.32590
20060346,2006-04-18 01:00:00,11.21169,-52.55979,7.64010
20060346,2006-04-18 02:00:00,12.19181,-52.63146,7.88995
20060346,2006-04-18 03:00:00,13.12336,-52.71459,8.12205
20060346,2006-04-18 04:00:00,14.01108,-52.79829,8.34104
20060346,2006-04-18 05:00:00,14.94892,-52.85184,8.53512
20060346,2006-04-18 06:00:00,15.92637,-52.85256,8.71211
20060346,2006-04-18 07:00:00,16.98284,-52.80817,8.85965
20060346,2006-04-18 08:00:00,18.04151,-52.72450,9.01041
20060346,2006-04-18 09:00:00,19.05513,-52.65349,9.12664
20060346,2006-04-18 10:00:00,20.84782,-52.23242,9.30683
20060346,2006-04-18 11:00:00,21.87974,-52.14934,9.32299
20060346,2006-04-18 12:00:00,22.90982,-52.06858,9.34009
20060346,2006-04-18 13:00:00,23.86214,-52.03840,9.34450
20060346,2006-04-18 14:00:00,24.77510,-52.00963,9.29759
20060346,2006-04-18 15:00:00,25.62865,-52.00642,9.30022
20060346,2006-04-18 16:00:00,26.31761,-52.02064,9.28978
20060346,2006-04-18 17:00:00,27.07306,-51.98786,9.26703
20060346,2006-04-18 18:00:00,27.88794,-51.94106,9.24598
20060346,2006-04-18 19:00:00,28.70133,-51.89574,9.19353
20060346,2006-04-18 20:00:00,29.56814,-51.84438,9.14689
20060346,2006-04-18 21:00:00,30.39423,-51.78316,9.13617
20060346,2006-04-18 22:00:00,31.22862,-51.80904,9.75011
20060346,2006-04-18 23:00:00,31.97699,-51.75221,9.66566
20060346,2006-04-19 00:00:00,32.81401,-51.71309,9.59185
20060346,2006-04-19 01:00:00,33.70429,-51.65568,9.59476
20060346,2006-04-19 02:00:00,34.67313,-51.61503,9.61025
20060346,2006-04-19 03:00:00,35.59631,-51.56998,9.68580
20060346,2006-04-19 04:00:00,36.54013,-51.51823,9.72055
20060346,2006-04-19 05:00:00,37.50232,-51.45755,9.74057
20060346,2006-04-19 06:00:00,38.43811,-51.39325,9.78596
20060346,2006-04-19 07:00:00,39.32911,-51.31647,9.77047
20060346,2006-04-19 08:00:00,40.25884,-51.26746,9.69930
20060346,2006-04-19 09:00:00,41.12495,-51.23777,9.66308
20060346,2006-04-19 10:00:00,42.31560,-51.14959,9.86946
20060346,2006-04-19 11:00:00,43.18599,-51.13891,9.73270
20060346,2006-04-19 12:00:00,44.16468,-51.13329,9.62248
20060346,2006-04-19 13:00:00,45.19738,-51.18589,9.51978
20060346,2006-04-19 14:00:00,46.17674,-51.25448,9.46106
20060346,2006-04-19 15:00:00,47.06348,-51.30519,9.42919
20060346,2006-04-19 16:00:00,48.00235,-51.39259,9.45451
20060346,2006-04-19 17:00:00,48.91317,-51.51896,9.46409
20060346,2006-04-19 18:00:00,49.76197,-51.58458,9.39291
20060346,2006-04-19 19:00:00,50.56986,-51.69780,9.27524
20060346,2006-04-19 20:00:00,51.44955,-51.87117,9.11235
20060346,2006-04-19 21:00:00,52.27793,-51.97776,8.92012
20060346,2006-04-19 22:00:00,53.21973,-52.27836,8.52708
20060346,2006-04-19 23:00:00,54.09898,-52.48286,8.30934
20060346,2006-04-20 00:00:00,54.86680,-52.66151,8.17355
20060346,2006-04-20 01:00:00,55.70362,-52.86211,8.01103
20060346,2006-04-20 02:00:00,56.55417,-53.06241,7.86744
20060346,2006-04-20 03:00:00,57.36326,-53.24675,7.71307
20060346,2006-04-20 04:00:00,58.23401,-53.43348,7.57292
20060346,2006-04-20 05:00:00,59.14143,-53.74766,7.38108
20060346,2006-04-20 06:00:00,60.53635,-54.48999,7.11950
20060346,2006-04-20 07:00:00,62.44009,-55.77444,6.90266
20060346,2006-04-20 08:00:00,63.56526,-56.43962,6.73355
20060346,2006-04-20 09:00:00,64.58877,-57.02443,6.57505
20060346,2006-04-20 10:00:00,65.75735,-57.51743,6.85969
20060346,2006-04-20 11:00:00,66.53426,-58.02933,6.72022
20060346,2006-04-20 12:00:00,67.32420,-58.58333,6.66977
20060346,2006-04-20 13:00:00,68.20361,-59.14491,6.67496
20060346,2006-04-20 14:00:00,69.01709,-59.62330,6.76150
20060346,2006-04-20 15:00:00,69.79589,-60.08643,6.86489
20060346,2006-04-20 16:00:00,70.50553,-60.54412,6.95951
20060346,2006-04-20 17:00:00,71.08787,-60.97952,7.01916
20060346,2006-04-20 18:00:00,71.63788,-61.42924,7.02682
20060346,2006-04-20 19:00:00,72.11526,-61.82372,7.04883
20060346,2006-04-20 20:00:00,72.49777,-62.15224,7.05655
20060346,2006-04-20 21:00:00,72.84643,-62.45815,7.08207
20060346,2006-04-20 22:00:00,73.23536,-62.79992,7.22585
20060346,2006-04-20 23:00:00,73.51839,-63.04024,7.25204
20060346,2006-04-21 00:00:00,73.80032,-63.27315,7.31127
20060346,2006-04-21 01:00:00,74.05769,-63.46700,7.31206
20060346,2006-04-21 02:00:00,74.30969,-63.65072,7.27431
20060346,2006-04-21 03:00:00,74.53863,-63.83696,7.25519
20060346,2006-04-21 04:00:00,74.73911,-64.01030,7.24573
20060346,2006-04-21 05:00:00,74.94662,-64.15556,7.22189
20060346,2006-04-21 06:00:00,75.17582,-64.29179,7.24565
20060346,2006-04-21 07:00:00,75.40266,-64.39796,7.27658
20060346,2006-04-21 08:00:00,75.63923,-64.45656,7.28590
20060346,2006-04-21 09:00:00,75.84842,-64.49709,7.28271
20060346,2006-04-21 10:00:00,75.91626,-64.66777,7.15956
20060346,2006-04-21 11:00:00,75.96070,-64.73601,7.08208
20060346,2006-04-21 12:00:00,76.03399,-64.80842,7.00135
20060346,2006-04-21 13:00:00,76.16120,-64.85350,6.89416
20060346,2006-04-21 14:00:00,76.35098,-64.86945,6.78584
20060346,2006-04-21 15:00:00,76.54762,-64.87396,6.67411
20060346,2006-04-21 16:00:00,76.71401,-64.87743,6.57127
20060346,2006-04-21 17:00:00,76.79503,-64.92018,6.40805
20060346,2006-04-21 18:00:00,76.86511,-64.95808,6.23460
20060346,2006-04-21 19:00:00,76.96595,-64.98092,6.08431
20060346,2006-04-21 20:00:00,77.07832,-65.00171,5.89468
20060346,2006-04-21 21:00:00,77.31199,-65.01643,5.69999
20060346,2006-04-21 22:00:00,78.26264,-65.06240,5.29804
20060346,2006-04-21 23:00:00,78.77745,-65.05187,5.16973
20060346,2006-04-22 00:00:00,78.86615,-65.14832,5.09861
20060346,2006-04-22 01:00:00,78.80632,-65.25723,5.06975
20060346,2006-04-22 02:00:00,78.83305,-65.35091,5.00353
20060346,2006-04-22 03:00:00,78.60526,-65.47246,4.89060
20060346,2006-04-22 04:00:00,78.45283,-65.57053,4.78997
20060346,2006-04-22 05:00:00,78.72205,-65.62448,4.69962
20060346,2006-04-22 06:00:00,78.90657,-65.68785,4.59624
20060346,2006-04-22 07:00:00,78.94344,-65.74427,4.46727
20060346,2006-04-22 08:00:00,78.86845,-65.79890,4.37794
20060346,2006-04-22 09:00:00,78.63272,-65.84554,4.30002
20060346,2006-04-22 10:00:00,77.93671,-66.05553,4.14291
20060346,2006-04-22 11:00:00,77.73560,-66.05578,4.03645
20060346,2006-04-22 12:00:00,77.54557,-66.05310,3.95938
20060346,2006-04-22 13:00:00,77.22302,-66.07372,3.87517
20060346,2006-04-22 14:00:00,76.95894,-66.08112,3.79426
20060346,2006-04-22 15:00:00,76.86431,-66.08307,3.71518
20060346,2006-04-22 16:00:00,76.87110,-66.05269,3.63892
20060346,2006-04-22 17:00:00,76.94292,-66.02381,3.55754
20060346,2006-04-22 18:00:00,77.03581,-65.97639,3.51644
20060346,2006-04-22 19:00:00,77.15242,-65.91100,3.47726
20060346,2006-04-22 20:00:00,77.22181,-65.83154,3.43106
20060346,2006-04-22 21:00:00,77.17560,-65.79888,3.36282
20060346,2006-04-22 22:00:00,76.68406,-65.85986,3.44977
20060346,2006-04-22 23:00:00,76.63385,-65.86382,3.37479
20060346,2006-04-23 00:00:00,76.30378,-65.84831,3.36404
20060346,2006-04-23 01:00:00,76.10536,-65.77525,3.35620
20060346,2006-04-23 02:00:00,75.95899,-65.68536,3.31926
20060346,2006-04-23 03:00:00,75.90161,-65.54490,3.25691
20060346,2006-04-23 04:00:00,75.92966,-65.41621,3.19278
20060346,2006-04-23 05:00:00,76.13135,-65.30941,3.08247
20060346,2006-04-23 06:00:00,76.52042,-65.16407,3.03139
20060346,2006-04-23 07:00:00,76.89822,-65.07492,2.94974
20060346,2006-04-23 08:00:00,77.33957,-64.92104,2.89465
20060346,2006-04-23 09:00:00,77.76868,-64.71687,2.81398
20060347,2006-04-17 14:00:00,-12.41708,-60.05463,3.32695
20060347,2006-04-17 15:00:00,-11.85513,-60.18209,3.39789
20060347,2006-04-17 16:00:00,-11.54050,-60.21623,3.46680
20060347,2006-04-17 17:00:00,-11.51068,-60.10159,3.53441
20060347,2006-04-17 18:00:00,-11.42175,-59.99020,3.58317
20060347,2006-04-17 19:00:00,-11.13586,-60.02802,3.63231
20060347,2006-04-17 20:00:00,-10.82196,-60.13381,3.68146
20060347,2006-04-17 21:00:00,-10.44257,-60.35475,3.67352
20060347,2006-04-17 22:00:00,-10.18573,-60.27824,3.51847
20060347,2006-04-17 23:00:00,-9.79489,-60.58218,3.50107
20060347,2006-04-18 00:00:00,-9.43970,-60.79839,3.46184
20060347,2006-04-18 01:00:00,-9.14581,-60.97794,3.43810
20060347,2006-04-18 02:00:00,-8.91641,-61.06004,3.43819
20060347,2006-04-18 03:00:00,-8.74219,-61.04404,3.46990
20060347,2006-04-18 04:00:00,-8.59796,-60.95732,3.52359
20060347,2006-04-18 05:00:00,-8.47589,-60.81298,3.60862
20060347,2006-04-18 06:00:00,-8.34482,-60.64076,3.71575
20060347,2006-04-18 07:00:00,-8.14456,-60.50858,3.82979
20060347,2006-04-18 08:00:00,-7.89493,-60.44091,3.93186
20060347,2006-04-18 09:00:00,-7.65240,-60.40268,3.99269
20060347,2006-04-18 10:00:00,-7.15408,-60.47681,4.01859
20060347,2006-04-18 11:00:00,-7.01639,-60.38772,4.06459
20060347,2006-04-18 12:00:00,-6.93747,-60.28629,4.07445
20060347,2006-04-18 13:00:00,-6.85413,-60.13718,4.09356
20060347,2006-04-18 14:00:00,-6.76599,-59.97964,4.10335
20060347,2006-04-18 15:00:00,-6.64252,-59.81672,4.08978
20060347,2006-04-18 16:00:00,-6.43884,-59.67381,4.04944
20060347,2006-04-18 17:00:00,-6.22318,-59.53839,4.02524
20060347,2006-04-18 18:00:00,-5.97684,-59.39615,4.01463
20060347,2006-04-18 19:00:00,-5.69955,-59.25796,4.01262
20060347,2006-04-18 20:00:00,-5.41058,-59.12801,4.00455
20060347,2006-04-18 21:00:00,-5.18909,-58.95502,3.97537
20060347,2006-04-18 22:00:00,-5.10297,-58.68457,4.01892
20060347,2006-04-18 23:00:00,-4.97015,-58.42580,3.91418
20060347,2006-04-19 00:00:00,-4.87174,-58.18086,3.83531
20060347,2006-04-19 01:00:00,-4.73001,-57.97078,3.75796
20060347,2006-04-19 02:00:00,-4.53601,-57.80038,3.64495
20060347,2006-04-19 03:00:00,-4.33441,-57.68574,3.51843
20060347,2006-04-19 04:00:00,-4.08948,-57.59660,3.42810
20060347,2006-04-19 05:00:00,-3.85190,-57.51377,3.34668
20060347,2006-04-19 06:00:00,-3.88315,-57.35469,3.27814
20060347,2006-04-19 07:00:00,-3.86298,-57.19133,3.21030
20060347,2006-04-19 08:00:00,-3.85568,-57.02410,3.12714
20060347,2006-04-19 09:00:00,-3.76508,-56.87252,3.02372
20060347,2006-04-19 10:00:00,-3.76312,-56.59512,3.05091
20060347,2006-04-19 11:00:00,-3.72607,-56.40260,2.93743
20060347,2006-04-19 12:00:00,-3.95151,-56.07708,2.79092
20060347,2006-04-19 13:00:00,-4.22482,-55.67698,2.65994
20060347,2006-04-19 14:00:00,-4.41473,-55.25541,2.57176
20060347,2006-04-19 15:00:00,-4.56815,-54.82494,2.52237
20060347,2006-04-19 16:00:00,-4.69662,-54.38099,2.50985
20060347,2006-04-19 17:00:00,-4.73801,-53.98683,2.54530
20060347,2006-04-19 18:00:00,-4.73901,-53.60292,2.56241
20060347,2006-04-19 19:00:00,-4.60770,-53.28901,2.60363
20060347,2006-04-19 20:00:00,-4.52902,-52.88541,2.64549
20060347,2006-04-19 21:00:00,-4.50949,-52.41017,2.68041
20060347,2006-04-19 22:00:00,-3.91635,-52.10531,2.89176
20060347,2006-04-19 23:00:00,-3.65897,-51.71212,3.01166
20060347,2006-04-20 00:00:00,-3.40765,-51.36417,3.11914
20060347,2006-04-20 01:00:00,-3.17450,-51.14725,3.16717
20060347,2006-04-20 02:00:00,-2.98254,-50.87852,3.21693
20060347,2006-04-20 03:00:00,-2.76431,-50.63597,3.23963
20060347,2006-04-20 04:00:00,-2.54440,-50.30074,3.23892
20060347,2006-04-20 05:00:00,-2.25839,-50.02253,3.22733
20060347,2006-04-20 06:00:00,-2.00317,-49.55330,3.20830
20060347,2006-04-20 07:00:00,-1.68289,-49.11407,3.15933
20060347,2006-04-20 08:00:00,-1.32733,-48.50953,3.12189
20060347,2006-04-20 09:00:00,-0.79471,-47.69625,3.12037
20060348,2006-04-18 00:00:00,-55.47772,-69.12604,3.38285
20060348,2006-04-18 01:00:00,-54.10416,-69.59356,3.62044
20060348,2006-04-18 02:00:00,-52.84521,-69.98885,3.80520
20060348,2006-04-18 03:00:00,-51.65463,-70.26974,3.96480
20060348,2006-04-18 04:00:00,-50.32208,-70.55399,4.09120
20060348,2006-04-18 05:00:00,-49.11139,-70.85822,4.29610
20060348,2006-04-18 06:00:00,-47.98117,-71.10086,4.49746
20060348,2006-04-18 07:00:00,-46.77542,-71.39969,4.68694
20060348,2006-04-18 08:00:00,-45.59723,-71.72751,4.83151
20060348,2006-04-18 09:00:00,-44.62393,-72.01659,4.94515
20060348,2006-04-18 10:00:00,-44.24310,-72.06218,4.89832
20060348,2006-04-18 11:00:00,-43.65418,-72.23673,5.07798
20060348,2006-04-18 12:00:00,-43.25583,-72.34506,5.27707
20060348,2006-04-18 13:00:00,-42.98959,-72.37797,5.52446
20060348,2006-04-18 14:00:00,-42.82809,-72.35535,5.79656
20060348,2006-04-18 15:00:00,-42.47382,-72.32889,6.04864
20060348,2006-04-18 16:00:00,-42.11926,-72.35628,6.26118
20060348,2006-04-18 17:00:00,-41.82752,-72.44940,6.44031
20060348,2006-04-18 18:00:00,-41.70850,-72.59617,6.59197
20060348,2006-04-18 19:00:00,-41.75247,-72.79047,6.73159
20060348,2006-04-18 20:00:00,-42.06387,-72.98977,6.93931
20060348,2006-04-18 21:00:00,-42.45523,-73.18340,7.22848
20060348,2006-04-18 22:00:00,-42.58365,-73.25481,7.93865
20060348,2006-04-18 23:00:00,-42.85577,-73.53117,8.25233
20060348,2006-04-19 00:00:00,-43.06287,-73.77450,8.52260
20060348,2006-04-19 01:00:00,-43.26746,-73.98393,8.77466
20060348,2006-04-19 02:00:00,-43.40894,-74.17533,8.98386
20060348,2006-04-19 03:00:00,-43.51910,-74.37521,9.16158
20060348,2006-04-19 04:00:00,-43.70538,-74.56222,9.31191
20060348,2006-04-19 05:00:00,-43.95929,-74.75773,9.36415
20060348,2006-04-19 06:00:00,-44.14246,-74.94108,9.40544
20060348,2006-04-19 07:00:00,-44.22742,-75.10260,9.42274
20060348,2006-04-19 08:00:00,-44.26776,-75.26835,9.42749
20060348,2006-04-19 09:00:00,-44.27979,-75.42145,9.50959
20060348,2006-04-19 10:00:00,-44.85684,-75.57825,9.59281
20060348,2006-04-19 11:00:00,-44.95084,-75.69757,9.48703
20060348,2006-04-19 12:00:00,-44.99054,-75.73990,9.39253
20060348,2006-04-19 13:00:00,-45.21176,-75.77791,9.30023
20060348,2006-04-19 14:00:00,-45.42239,-75.82968,9.19336
20060348,2006-04-19 15:00:00,-45.71988,-75.87073,8.96495
20060348,2006-04-19 16:00:00,-45.75858,-75.81368,8.73733
20060348,2006-04-19 17:00:00,-45.67776,-75.63638,8.63537
20060348,2006-04-19 18:00:00,-45.48016,-75.38403,8.54967
20060348,2006-04-19 19:00:00,-45.27191,-75.18497,8.40282
20060348,2006-04-19 20:00:00,-44.93189,-75.01725,8.25606
20060348,2006-04-19 21:00:00,-44.41425,-74.83302,8.09463
20060348,2006-04-19 22:00:00,-43.66818,-74.49702,8.08164
20060348,2006-04-19 23:00:00,-43.12308,-74.38827,8.02878
20060348,2006-04-20 00:00:00,-42.56076,-74.28453,7.95886
20060348,2006-04-20 01:00:00,-42.00720,-74.19933,7.85195
20060348,2006-04-20 02:00:00,-41.35403,-74.16070,7.76276
20060348,2006-04-20 03:00:00,-40.62137,-74.13687,7.72410
20060348,2006-04-20 04:00:00,-39.97201,-74.11389,7.69706
20060348,2006-04-20 05:00:00,-39.37491,-74.08920,7.64423
20060348,2006-04-20 06:00:00,-38.75110,-74.09550,7.58003
20060348,2006-04-20 07:00:00,-38.17392,-74.09465,7.41226
20060348,2006-04-20 08:00:00,-37.49579,-74.08977,7.30016
20060348,2006-04-20 09:00:00,-36.74005,-74.10641,7.21537
20060348,2006-04-20 10:00:00,-36.14471,-74.16199,7.27047
20060348,2006-04-20 11:00:00,-35.48227,-74.20154,7.23049
20060348,2006-04-20 12:00:00,-34.89307,-74.23867,7.20622
20060348,2006-04-20 13:00:00,-34.35406,-74.24100,7.17069
20060348,2006-04-20 14:00:00,-33.72095,-74.18600,7.03886
20060348,2006-04-20 15:00:00,-33.11786,-74.17345,6.98293
20060348,2006-04-20 16:00:00,-32.56012,-74.18890,6.90597
20060348,2006-04-20 17:00:00,-32.05936,-74.21222,6.81616
20060348,2006-04-20 18:00:00,-31.75690,-74.34413,6.81789
20060348,2006-04-20 19:00:00,-31.52527,-74.49794,6.83810
20060348,2006-04-20 20:00:00,-31.37323,-74.61867,6.88931
20060348,2006-04-20 21:00:00,-31.11816,-74.59602,6.88699
20060348,2006-04-20 22:00:00,-31.09863,-74.61295,6.75861
20060348,2006-04-20 23:00:00,-30.88025,-74.43833,6.65508
20060348,2006-04-21 00:00:00,-30.77652,-74.24170,6.52052
20060348,2006-04-21 01:00:00,-30.77341,-74.10532,6.38595
20060348,2006-04-21 02:00:00,-30.77930,-73.95997,6.27429
20060348,2006-04-21 03:00:00,-30.69400,-73.77696,6.20447
20060348,2006-04-21 04:00:00,-30.34747,-73.50519,6.16324
20060348,2006-04-21 05:00:00,-29.85501,-73.23163,6.05222
20060348,2006-04-21 06:00:00,-28.98434,-72.88168,5.92085
20060348,2006-04-21 07:00:00,-27.94424,-72.58711,5.73791
20060348,2006-04-21 08:00:00,-26.47986,-72.14262,5.58323
20060348,2006-04-21 09:00:00,-24.82568,-71.77594,5.43390
20060348,2006-04-21 10:00:00,-22.48743,-71.47911,5.30623
20060348,2006-04-21 11:00:00,-20.91486,-71.14564,5.15249
20060348,2006-04-21 12:00:00,-17.94656,-70.57946,5.18395
20060348,2006-04-21 13:00:00,-15.78494,-70.23765,5.23005
20060348,2006-04-21 14:00:00,-14.44553,-70.01635,5.28662
20060348,2006-04-21 15:00:00,-13.32315,-69.83670,5.33640
20060348,2006-04-21 16:00:00,-12.63709,-69.72748,5.30748
20060348,2006-04-21 17:00:00,-11.28604,-69.48298,5.34687
20060348,2006-04-21 18:00:00,-10.31186,-69.28565,5.38317
20060348,2006-04-21 19:00:00,-9.82230,-69.17569,5.34367
20060348,2006-04-21 20:00:00,-9.26843,-69.01265,5.29936
20060348,2006-04-21 21:00:00,-8.64175,-68.83683,5.22346
20060348,2006-04-21 22:00:00,-7.72684,-68.69910,5.33509
20060348,2006-04-21 23:00:00,-7.07752,-68.57044,5.20346
20060348,2006-04-22 00:00:00,-7.07925,-68.63555,5.08245
20060348,2006-04-22 01:00:00,-7.40311,-68.79108,4.93169
20060348,2006-04-22 02:00:00,-6.63348,-68.67225,4.80357
20060349,2006-04-18 10:00:00,-102.84561,-41.20472,5.08719
20060349,2006-04-18 11:00:00,-101.33896,-41.07551,5.15203
20060349,2006-04-18 12:00:00,-100.24451,-40.97677,5.22437
20060349,2006-04-18 13:00:00,-99.15387,-40.90771,5.27950
20060349,2006-04-18 14:00:00,-98.19403,-40.78856,5.26756
20060349,2006-04-18 15:00:00,-97.08499,-40.65707,5.44527
20060349,2006-04-18 16:00:00,-96.08130,-40.53254,5.59312
20060349,2006-04-18 17:00:00,-95.02203,-40.37307,5.76954
20060349,2006-04-18 18:00:00,-94.06439,-40.29499,5.88912
20060349,2006-04-18 19:00:00,-93.01733,-40.24891,6.22309
20060349,2006-04-18 20:00:00,-92.00571,-40.21278,6.45085
20060349,2006-04-18 21:00:00,-90.98590,-40.18331,6.66677
20060349,2006-04-18 22:00:00,-89.25168,-39.97428,7.05223
20060349,2006-04-18 23:00:00,-88.19690,-39.86388,6.95076
20060349,2006-04-19 00:00:00,-87.15146,-39.81150,7.06410
20060349,2006-04-19 01:00:00,-86.00537,-39.79539,7.24057
20060349,2006-04-19 02:00:00,-84.83783,-39.81102,7.44718
20060349,2006-04-19 03:00:00,-83.70746,-39.87039,7.88102
20060349,2006-04-19 04:00:00,-82.59421,-39.95713,8.18428
20060349,2006-04-19 05:00:00,-81.71780,-40.09534,8.35980
20060349,2006-04-19 06:00:00,-80.93262,-40.23892,8.52100
20060349,2006-04-19 07:00:00,-80.29016,-40.45999,8.81615
20060349,2006-04-19 08:00:00,-79.68213,-40.66362,9.05995
20060349,2006-04-19 09:00:00,-79.16791,-40.78357,8.62493
20060349,2006-04-19 10:00:00,-78.53815,-40.84211,8.77456
20060349,2006-04-19 11:00:00,-77.98364,-40.96582,8.55007
20060349,2006-04-19 12:00:00,-77.37219,-41.11894,8.37324
20060349,2006-04-19 13:00:00,-76.72488,-41.34372,8.19363
20060349,2006-04-19 14:00:00,-76.07101,-41.47514,7.76403
20060349,2006-04-19 15:00:00,-75.37332,-41.69816,7.34441
20060349,2006-04-19 16:00:00,-74.58566,-42.01075,7.11662
20060349,2006-04-19 17:00:00,-73.71167,-42.21849,6.75351
20060349,2006-04-19 18:00:00,-72.74051,-42.44738,6.46972
20060349,2006-04-19 19:00:00,-71.89026,-42.60614,6.20315
20060349,2006-04-19 20:00:00,-71.21539,-42.86496,6.03743
20060349,2006-04-19 21:00:00,-70.42377,-43.10402,5.83138
20060349,2006-04-19 22:00:00,-69.10657,-43.60632,5.96552
20060349,2006-04-19 23:00:00,-67.60785,-44.13548,6.00227
20060349,2006-04-20 00:00:00,-65.82541,-44.89749,6.11017
20060349,2006-04-20 01:00:00,-64.57483,-45.35647,6.36523
20060349,2006-04-20 02:00:00,-63.69931,-45.61095,6.69522
20060349,2006-04-20 03:00:00,-63.08664,-45.76659,7.15238
20060349,2006-04-20 04:00:00,-62.52640,-45.80209,7.53434
20060349,2006-04-20 05:00:00,-61.99805,-45.91200,7.64369
20060349,2006-04-20 06:00:00,-61.58340,-45.99079,7.64598
20060349,2006-04-20 07:00:00,-61.23377,-46.08535,7.57424
20060349,2006-04-20 08:00:00,-60.88501,-46.38608,7.44431
20060349,2006-04-20 09:00:00,-60.52698,-46.78408,7.34464
20060349,2006-04-20 10:00:00,-59.72824,-47.82697,7.71499
20060349,2006-04-20 11:00:00,-59.37759,-48.43726,7.54333
20060349,2006-04-20 12:00:00,-58.92838,-49.02918,7.33271
20060349,2006-04-20 13:00:00,-58.25278,-50.00579,7.12066
20060349,2006-04-20 14:00:00,-57.26791,-51.37369,7.04437
20060349,2006-04-20 15:00:00,-56.50915,-52.19861,7.11447
20060349,2006-04-20 16:00:00,-55.97018,-52.65147,7.20391
20060349,2006-04-20 17:00:00,-55.66818,-52.86219,7.31058
20060349,2006-04-20 18:00:00,-55.49258,-52.94759,7.33978
20060349,2006-04-20 19:00:00,-55.12814,-53.20304,7.41747
20060349,2006-04-20 20:00:00,-54.81912,-53.42188,7.40226
20060349,2006-04-20 21:00:00,-54.41186,-53.73598,7.49106
20060349,2006-04-20 22:00:00,-54.28799,-53.82541,7.63533
20060349,2006-04-20 23:00:00,-53.82367,-54.02650,7.59477
20060349,2006-04-21 00:00:00,-53.45746,-54.12385,7.53729
20060349,2006-04-21 01:00:00,-53.06280,-54.21031,7.55536
20060349,2006-04-21 02:00:00,-52.74774,-54.24492,7.51500
20060349,2006-04-21 03:00:00,-52.48926,-54.25297,7.45354
20060349,2006-04-21 04:00:00,-52.31073,-54.25362,7.42292
20060349,2006-04-21 05:00:00,-52.19711,-54.26475,7.42578
20060349,2006-04-21 06:00:00,-52.08447,-54.32720,7.45915
20060349,2006-04-21 07:00:00,-51.97510,-54.41182,7.50053
20060349,2006-04-21 08:00:00,-51.83383,-54.52741,7.52434
20060349,2006-04-21 09:00:00,-51.65387,-54.65575,7.50276
20060349,2006-04-21 10:00:00,-51.21725,-54.81014,7.05866
20060349,2006-04-21 11:00:00,-50.90030,-54.92887,6.94535
20060349,2006-04-21 12:00:00,-50.55518,-55.04097,6.86172
20060349,2006-04-21 13:00:00,-50.24838,-55.16551,6.80809
20060349,2006-04-21 14:00:00,-50.04459,-55.30157,6.71682
20060349,2006-04-21 15:00:00,-49.88757,-55.43818,6.57121
20060349,2006-04-21 16:00:00,-49.87341,-55.53099,6.42829
20060349,2006-04-21 17:00:00,-49.90683,-55.61663,6.25108
20060349,2006-04-21 18:00:00,-49.99039,-55.67543,6.17891
20060349,2006-04-21 19:00:00,-50.04684,-55.74459,6.17066
20060349,2006-04-21 20:00:00,-50.04623,-55.82104,6.07674
20060349,2006-04-21 21:00:00,-49.90231,-55.96273,5.96284
20060349,2006-04-21 22:00:00,-49.81220,-56.09101,5.93287
20060349,2006-04-21 23:00:00,-49.54468,-56.23509,5.79858
20060349,2006-04-22 00:00:00,-49.24246,-56.36923,5.67879
20060349,2006-04-22 01:00:00,-48.94931,-56.47697,5.56706
20060349,2006-04-22 02:00:00,-48.73035,-56.55349,5.48656
20060349,2006-04-22 03:00:00,-48.66000,-56.59201,5.43794
20060349,2006-04-22 04:00:00,-48.66095,-56.63607,5.40092
20060349,2006-04-22 05:00:00,-48.60837,-56.74246,5.37096
20060349,2006-04-22 06:00:00,-48.44711,-56.89339,5.31315
20060349,2006-04-22 07:00:00,-48.21725,-57.07121,5.21629
20060349,2006-04-22 08:00:00,-47.90485,-57.27819,5.11418
20060349,2006-04-22 09:00:00,-47.56220,-57.49668,4.98722
20060349,2006-04-22 10:00:00,-47.05518,-57.96829,4.83982
20060349,2006-04-22 11:00:00,-46.64981,-58.20524,4.75806
20060349,2006-04-22 12:00:00,-46.38559,-58.37328,4.63389
20060349,2006-04-22 13:00:00,-46.20331,-58.51364,4.50272
20060349,2006-04-22 14:00:00,-46.07800,-58.64822,4.38242
20060349,2006-04-22 15:00:00,-45.98215,-58.76428,4.21662
20060349,2006-04-22 16:00:00,-45.94488,-58.84961,3.99903
20060349,2006-04-22 17:00:00,-45.86838,-58.95032,3.79529
20060349,2006-04-22 18:00:00,-45.75992,-59.06449,3.60176
20060349,2006-04-22 19:00:00,-45.69699,-59.14994,3.42061
20060349,2006-04-22 20:00:00,-45.65762,-59.20269,3.22821
20060349,2006-04-22 21:00:00,-45.63797,-59.23314,3.01212
20060349,2006-04-22 22:00:00,-46.12067,-59.01326,2.71171
20060349,2006-04-22 23:00:00,-46.38779,-58.85389,2.48574
20060349,2006-04-23 00:00:00,-46.89825,-58.54171,2.33556
20060349,2006-04-23 01:00:00,-47.48209,-58.15678,2.21482
20060349,2006-04-23 02:00:00,-48.03174,-57.80842,2.11891
20060349,2006-04-23 03:00:00,-48.42822,-57.57564,2.07264
20060349,2006-04-23 04:00:00,-48.65237,-57.43399,2.02591
20060349,2006-04-23 05:00:00,-48.83923,-57.35147,1.97690
20060349,2006-04-23 06:00:00,-48.89636,-57.36909,1.92717
20060349,2006-04-23 07:00:00,-48.86316,-57.48534,1.84953
20060349,2006-04-23 08:00:00,-48.85208,-57.60166,1.77386
20060349,2006-04-23 09:00:00,-48.86942,-57.63979,1.69322
20060349,2006-04-23 10:00:00,-49.02554,-57.21701,1.59327
20060349,2006-04-23 11:00:00,-49.09723,-57.08907,1.54249
20060350,2006-04-18 16:00:00,-19.71103,-37.64504,3.67392
20060350,2006-04-18 17:00:00,-17.84100,-38.76828,3.71926
20060350,2006-04-18 18:00:00,-16.86481,-39.26451,3.88080
20060350,2006-04-18 19:00:00,-16.08054,-39.61637,3.88246
20060350,2006-04-18 20:00:00,-15.68121,-39.69962,3.97522
20060350,2006-04-18 21:00:00,-15.21020,-39.83817,4.01226
20060350,2006-04-18 22:00:00,-15.19168,-39.95203,3.87106
20060350,2006-04-18 23:00:00,-14.53571,-40.23258,3.86234
20060350,2006-04-19 00:00:00,-13.77145,-40.59149,3.88768
20060350,2006-04-19 01:00:00,-13.08285,-40.90767,3.87549
20060350,2006-04-19 02:00:00,-12.15713,-41.30969,3.86838
20060350,2006-04-19 03:00:00,-11.40927,-41.54129,3.87278
20060350,2006-04-19 04:00:00,-10.31085,-41.92484,3.94903
20060350,2006-04-19 05:00:00,-8.85147,-42.49994,4.02875
20060350,2006-04-19 06:00:00,-7.37558,-43.01983,4.18474
20060350,2006-04-19 07:00:00,-6.14044,-43.38571,4.38902
20060350,2006-04-19 08:00:00,-4.92615,-43.74185,4.52500
20060350,2006-04-19 09:00:00,-3.81390,-44.07579,4.72640
20060350,2006-04-19 10:00:00,-2.36493,-44.56569,4.59409
20060350,2006-04-19 11:00:00,-0.92572,-44.98864,4.71245
20060350,2006-04-19 12:00:00,0.37761,-45.29915,4.78794
20060350,2006-04-19 13:00:00,1.58429,-45.56748,4.92861
20060350,2006-04-19 14:00:00,2.70431,-45.78393,4.97392
20060350,2006-04-19 15:00:00,4.00061,-46.04736,5.08090
20060350,2006-04-19 16:00:00,5.12765,-46.22808,5.20645
20060350,2006-04-19 17:00:00,6.15398,-46.36507,5.29982
20060350,2006-04-19 18:00:00,7.10238,-46.48745,5.33225
20060350,2006-04-19 19:00:00,8.11273,-46.64604,5.40217
20060350,2006-04-19 20:00:00,9.24349,-46.85630,5.43174
20060350,2006-04-19 21:00:00,10.43690,-47.08268,5.52190
20060350,2006-04-19 22:00:00,11.97629,-47.39756,5.38378
20060350,2006-04-19 23:00:00,13.30882,-47.56342,5.40819
20060350,2006-04-20 00:00:00,14.84240,-47.76736,5.41046
20060350,2006-04-20 01:00:00,16.29606,-47.94791,5.42372
20060350,2006-04-20 02:00:00,17.58014,-48.10042,5.46002
20060350,2006-04-20 03:00:00,18.77929,-48.22107,5.39665
20060350,2006-04-20 04:00:00,20.04245,-48.36285,5.31481
20060350,2006-04-20 05:00:00,21.41111,-48.53569,5.18992
20060350,2006-04-20 06:00:00,22.69855,-48.67974,5.05194
20060350,2006-04-20 07:00:00,24.05686,-48.83564,4.96397
20060350,2006-04-20 08:00:00,25.57166,-49.00442,4.98334
20060350,2006-04-20 09:00:00,26.89035,-49.12517,5.00547
20060350,2006-04-20 10:00:00,29.30618,-49.12721,5.46162
20060350,2006-04-20 11:00:00,30.66468,-49.17374,5.58968
20060350,2006-04-20 12:00:00,32.02369,-49.21666,5.59787
20060350,2006-04-20 13:00:00,33.41594,-49.25792,5.62750
20060350,2006-04-20 14:00:00,34.64417,-49.28511,5.67609
20060350,2006-04-20 15:00:00,35.86766,-49.32034,5.72991
20060350,2006-04-20 16:00:00,37.13565,-49.36107,5.78332
20060350,2006-04-20 17:00:00,38.30217,-49.40394,5.80810
20060350,2006-04-20 18:00:00,39.53146,-49.45933,5.79548
20060350,2006-04-20 19:00:00,40.85565,-49.48816,5.79806
20060350,2006-04-20 20:00:00,42.15589,-49.51033,5.83038
20060350,2006-04-20 21:00:00,43.46793,-49.49833,5.86720
20060350,2006-04-20 22:00:00,45.10523,-49.28188,6.46834
20060350,2006-04-20 23:00:00,46.37706,-49.28057,6.51453
20060350,2006-04-21 00:00:00,47.53508,-49.31796,6.57283
20060350,2006-04-21 01:00:00,48.72172,-49.37704,6.63792
20060350,2006-04-21 02:00:00,49.90288,-49.45996,6.66193
20060350,2006-04-21 03:00:00,51.12518,-49.51700,6.67878
20060350,2006-04-21 04:00:00,52.32970,-49.54442,6.69965
20060350,2006-04-21 05:00:00,53.54592,-49.57831,6.76583
20060350,2006-04-21 06:00:00,54.70553,-49.61784,6.78491
20060350,2006-04-21 07:00:00,55.86745,-49.64415,6.81168
20060350,2006-04-21 08:00:00,56.94861,-49.75894,6.82302
20060350,2006-04-21 09:00:00,58.08091,-49.85283,6.75337
20060350,2006-04-21 10:00:00,59.62225,-49.69194,7.02941
20060350,2006-04-21 11:00:00,60.89354,-49.69935,6.96731
20060350,2006-04-21 12:00:00,62.04153,-49.70717,6.79992
20060350,2006-04-21 13:00:00,63.23181,-49.71823,6.75244
20060350,2006-04-21 14:00:00,64.33393,-49.75106,6.70269
20060350,2006-04-21 15:00:00,65.35156,-49.90900,6.59681
20060350,2006-04-21 16:00:00,66.33032,-50.13784,6.49425
20060350,2006-04-21 17:00:00,67.37180,-50.34031,6.46952
20060350,2006-04-21 18:00:00,68.29906,-50.62602,6.42442
20060350,2006-04-21 19:00:00,69.20430,-50.90582,6.43777
20060350,2006-04-21 20:00:00,70.16283,-51.15065,6.55013
20060350,2006-04-21 21:00:00,71.08845,-51.39057,6.63031
20060350,2006-04-21 22:00:00,72.36784,-51.42250,6.72546
20060350,2006-04-21 23:00:00,73.40648,-51.62631,6.73317
20060351,2006-04-19 01:00:00,-21.07181,-46.45576,2.41017
20060351,2006-04-19 02:00:00,-20.80661,-45.94490,2.42190
20060351,2006-04-19 03:00:00,-20.47555,-45.49989,2.46375
20060351,2006-04-19 04:00:00,-19.99661,-45.36145,2.42578
20060351,2006-04-19 05:00:00,-19.55624,-45.21375,2.42090
20060351,2006-04-19 06:00:00,-19.25650,-44.97869,2.45698
20060351,2006-04-19 07:00:00,-19.02582,-44.87916,2.50987
20060351,2006-04-19 08:00:00,-18.86758,-44.65527,2.54929
20060351,2006-04-19 09:00:00,-18.73972,-44.37038,2.51263
20060351,2006-04-19 10:00:00,-18.65231,-43.60644,2.62817
20060351,2006-04-19 11:00:00,-18.14517,-43.47320,2.67899
20060351,2006-04-19 12:00:00,-17.67127,-43.24930,2.64783
20060351,2006-04-19 13:00:00,-16.96097,-43.09982,2.62940
20060351,2006-04-19 14:00:00,-16.15402,-42.95843,2.68615
20060351,2006-04-19 15:00:00,-15.41788,-42.71009,2.65304
20060351,2006-04-19 16:00:00,-14.55179,-42.61701,2.68747
20060351,2006-04-19 17:00:00,-13.70499,-42.40277,2.69790
20060351,2006-04-19 18:00:00,-12.82376,-42.18086,2.74331
20060351,2006-04-19 19:00:00,-11.91885,-41.91202,2.86560
20060351,2006-04-19 20:00:00,-11.11066,-41.66173,2.92095
20060351,2006-04-19 21:00:00,-10.19269,-41.55421,3.01662
20060351,2006-04-19 22:00:00,-8.94177,-41.29184,3.17667
20060351,2006-04-19 23:00:00,-8.23416,-41.19767,3.20825
20060351,2006-04-20 00:00:00,-7.38794,-41.37413,3.19389
20060351,2006-04-20 01:00:00,-6.42160,-41.52343,3.17049
20060351,2006-04-20 02:00:00,-5.49310,-41.66865,3.11119
20060351,2006-04-20 03:00:00,-4.40775,-41.81400,3.09525
20060351,2006-04-20 04:00:00,-3.44647,-41.97964,3.12119
20060351,2006-04-20 05:00:00,-2.45242,-41.84741,3.06472
20060351,2006-04-20 06:00:00,-1.47540,-41.95666,3.14140
20060351,2006-04-20 07:00:00,-0.01202,-41.90597,3.19698
20060351,2006-04-20 08:00:00,1.13744,-42.11951,3.27170
20060351,2006-04-20 09:00:00,2.37203,-42.27830,3.39211
20060351,2006-04-20 10:00:00,3.39803,-42.38639,3.47774
20060351,2006-04-20 11:00:00,3.71881,-43.13436,3.36456
20060351,2006-04-20 12:00:00,4.94309,-42.94865,3.33335
20060352,2006-04-19 03:00:00,18.10450,-67.51746,3.06210
20060352,2006-04-19 04:00:00,17.09950,-67.23868,3.11001
20060352,2006-04-19 05:00:00,16.35280,-66.96262,3.18580
20060352,2006-04-19 06:00:00,16.09400,-66.75517,3.26006
20060352,2006-04-19 07:00:00,16.15270,-66.56879,3.30356
20060352,2006-04-19 08:00:00,16.23597,-66.37896,3.41799
20060352,2006-04-19 09:00:00,16.39624,-66.15950,3.54019
20060352,2006-04-19 10:00:00,16.78130,-65.79350,3.76352
20060352,2006-04-19 11:00:00,16.91680,-65.54103,3.71281
20060352,2006-04-19 12:00:00,16.98495,-65.19591,3.76967
20060352,2006-04-19 13:00:00,17.24677,-64.86375,3.91747
20060352,2006-04-19 14:00:00,17.61553,-64.56251,4.09844
20060352,2006-04-19 15:00:00,18.22715,-64.26929,4.22099
20060352,2006-04-19 16:00:00,18.64769,-63.92988,4.27930
20060352,2006-04-19 17:00:00,19.28845,-63.70246,4.31617
20060352,2006-04-19 18:00:00,20.01348,-63.47528,4.35161
20060352,2006-04-19 19:00:00,20.63925,-63.13236,4.35926
20060352,2006-04-19 20:00:00,21.10689,-62.68701,4.36890
20060352,2006-04-19 21:00:00,21.79865,-62.37412,4.44226
20060352,2006-04-19 22:00:00,23.20271,-62.29407,4.44269
20060352,2006-04-19 23:00:00,23.95697,-62.07428,4.55761
20060352,2006-04-20 00:00:00,24.65012,-61.77881,4.61775
20060352,2006-04-20 01:00:00,25.41974,-61.60197,4.67451
20060352,2006-04-20 02:00:00,26.32558,-61.66802,4.76802
20060352,2006-04-20 03:00:00,27.16538,-61.59724,4.84662
20060352,2006-04-20 04:00:00,28.12540,-61.55450,4.93647
20060352,2006-04-20 05:00:00,28.98600,-61.45709,5.01302
20060352,2006-04-20 06:00:00,29.83150,-61.38611,5.07748
20060352,2006-04-20 07:00:00,30.59905,-61.27265,5.11363
20060352,2006-04-20 08:00:00,31.34004,-61.23190,5.10645
20060352,2006-04-20 09:00:00,32.09916,-61.22699,5.14625
20060352,2006-04-20 10:00:00,33.24723,-61.35204,5.15397
20060352,2006-04-20 11:00:00,33.85980,-61.41032,5.32285
20060352,2006-04-20 12:00:00,34.32604,-61.50912,5.47093
20060352,2006-04-20 13:00:00,34.83560,-61.54728,5.60319
20060352,2006-04-20 14:00:00,35.39790,-61.54752,5.70477
20060352,2006-04-20 15:00:00,36.00853,-61.53118,5.76395
20060352,2006-04-20 16:00:00,36.64288,-61.49718,5.82032
20060352,2006-04-20 17:00:00,37.27913,-61.46683,5.84875
20060352,2006-04-20 18:00:00,37.93094,-61.42527,5.87870
20060352,2006-04-20 19:00:00,38.55165,-61.35598,5.92121
20060352,2006-04-20 20:00:00,39.12893,-61.27688,5.95153
20060352,2006-04-20 21:00:00,39.62222,-61.25131,5.98527
20060352,2006-04-20 22:00:00,40.19255,-61.12472,5.94640
20060352,2006-04-20 23:00:00,40.69183,-61.12855,5.92601
20060352,2006-04-21 00:00:00,41.13695,-61.14721,5.88049
20060352,2006-04-21 01:00:00,41.63515,-61.11952,5.85462
20060352,2006-04-21 02:00:00,42.12175,-61.09083,5.82972
20060352,2006-04-21 03:00:00,42.69327,-61.02958,5.80877
20060352,2006-04-21 04:00:00,43.22574,-60.97096,5.78246
20060352,2006-04-21 05:00:00,43.72546,-60.89296,5.75033
20060352,2006-04-21 06:00:00,44.21711,-60.80242,5.66812
20060352,2006-04-21 07:00:00,44.65768,-60.72411,5.58950
20060352,2006-04-21 08:00:00,45.12602,-60.66277,5.50143
20060352,2006-04-21 09:00:00,45.55990,-60.58278,5.39627
20060352,2006-04-21 10:00:00,46.59548,-60.11333,5.29342
20060352,2006-04-21 11:00:00,47.45057,-59.95724,5.20775
20060352,2006-04-21 12:00:00,48.28591,-59.77863,5.15281
20060352,2006-04-21 13:00:00,49.08490,-59.58177,5.08710
20060352,2006-04-21 14:00:00,49.78140,-59.39364,5.07399
20060352,2006-04-21 15:00:00,50.40766,-59.21084,5.04017
20060352,2006-04-21 16:00:00,51.24098,-58.96181,4.97025
20060352,2006-04-21 17:00:00,52.22488,-58.66432,4.86825
20060352,2006-04-21 18:00:00,53.62830,-58.24809,4.76016
20060352,2006-04-21 19:00:00,55.63538,-57.64654,4.68276
20060352,2006-04-21 20:00:00,58.11354,-57.01082,4.66844
20060353,2006-04-19 09:00:00,138.56062,-40.71885,2.54526
20060353,2006-04-19 10:00:00,140.01706,-39.19042,2.74369
20060353,2006-04-19 11:00:00,140.80995,-39.09504,2.69115
20060353,2006-04-19 12:00:00,141.83168,-39.13850,2.64301
20060353,2006-04-19 13:00:00,143.28404,-39.24512,2.71574
20060353,2006-04-19 14:00:00,144.97966,-39.41732,2.77116
20060353,2006-04-19 15:00:00,146.20424,-39.63347,2.73444
20060353,2006-04-19 16:00:00,147.33658,-39.80751,2.76015
20060353,2006-04-19 17:00:00,148.76349,-40.08153,2.89694
20060353,2006-04-19 18:00:00,149.93378,-40.56373,3.02543
20060353,2006-04-19 19:00:00,150.96269,-40.89623,3.10909
20060353,2006-04-19 20:00:00,151.96201,-41.41851,3.27662
20060353,2006-04-19 21:00:00,153.02582,-42.26253,3.39632
20060353,2006-04-19 22:00:00,153.95467,-42.85899,3.64397
20060353,2006-04-19 23:00:00,154.63092,-43.32552,3.67985
20060353,2006-04-20 00:00:00,155.29248,-43.82323,3.70100
20060353,2006-04-20 01:00:00,155.77757,-44.19429,3.76490
20060353,2006-04-20 02:00:00,156.24232,-44.49705,3.82766
20060353,2006-04-20 03:00:00,156.66058,-44.92072,3.92569
20060353,2006-04-20 04:00:00,157.05215,-45.34418,4.01271
20060353,2006-04-20 05:00:00,157.50270,-45.88937,4.11482
20060353,2006-04-20 06:00:00,158.01994,-46.50629,4.20448
20060353,2006-04-20 07:00:00,158.51816,-47.23201,4.18010
20060353,2006-04-20 08:00:00,159.05043,-48.36082,3.97855
20060353,2006-04-20 09:00:00,159.71617,-49.90552,3.92657
20060353,2006-04-20 10:00:00,160.23735,-50.75862,3.84806
20060353,2006-04-20 11:00:00,161.00360,-51.63998,3.85420
20060353,2006-04-20 12:00:00,161.86552,-52.45793,3.90982
20060353,2006-04-20 13:00:00,162.77803,-53.23477,4.02619
20060353,2006-04-20 14:00:00,163.71011,-53.95734,4.15374
20060353,2006-04-20 15:00:00,164.59201,-54.58101,4.22950
20060353,2006-04-20 16:00:00,165.51305,-55.27834,4.30313
20060353,2006-04-20 17:00:00,166.43481,-56.06258,4.35031
20060353,2006-04-20 18:00:00,167.38551,-56.81115,4.34884
20060353,2006-04-20 19:00:00,168.37506,-57.58098,4.30961
20060353,2006-04-20 20:00:00,169.49011,-58.45583,4.24242
20060353,2006-04-20 21:00:00,170.75249,-59.51426,4.14486
20060353,2006-04-20 22:00:00,171.78449,-60.38337,3.74776
20060353,2006-04-20 23:00:00,173.29167,-61.43641,3.87454
20060353,2006-04-21 00:00:00,174.81586,-62.31604,4.06510
20060353,2006-04-21 01:00:00,176.24199,-62.90451,4.26517
20060353,2006-04-21 02:00:00,178.07417,-63.47669,4.50941
20060353,2006-04-21 03:00:00,179.79446,-63.93354,4.79495
20060353,2006-04-21 04:00:00,-178.55426,-64.37756,4.86540
20060353,2006-04-21 05:00:00,-176.66782,-64.75208,5.14148
20060353,2006-04-21 06:00:00,-174.72775,-65.05039,5.26753
20060353,2006-04-21 07:00:00,-172.62491,-65.31801,5.37851
20060353,2006-04-21 08:00:00,-170.62369,-65.56481,5.63666
20060353,2006-04-21 09:00:00,-168.56981,-65.77058,5.78545
20060353,2006-04-21 10:00:00,-166.31928,-65.90010,5.99468
20060353,2006-04-21 11:00:00,-164.23381,-66.00381,6.19653
20060353,2006-04-21 12:00:00,-162.21776,-66.05261,6.33745
20060353,2006-04-21 13:00:00,-160.18283,-66.08367,6.46291
20060353,2006-04-21 14:00:00,-158.12347,-66.10516,6.58669
20060353,2006-04-21 15:00:00,-156.11452,-66.10661,6.74319
20060353,2006-04-21 16:00:00,-154.20811,-66.06236,6.89722
20060353,2006-04-21 17:00:00,-152.41080,-65.95057,7.02003
20060353,2006-04-21 18:00:00,-150.66763,-65.78278,7.09003
20060353,2006-04-21 19:00:00,-148.99260,-65.56592,7.20435
20060353,2006-04-21 20:00:00,-147.37056,-65.32036,7.25123
20060353,2006-04-21 21:00:00,-145.79163,-65.02528,7.27573
20060353,2006-04-21 22:00:00,-143.99753,-64.52203,7.19392
20060353,2006-04-21 23:00:00,-142.39281,-64.07307,7.16519
20060353,2006-04-22 00:00:00,-140.81444,-63.58332,7.14215
20060353,2006-04-22 01:00:00,-139.26251,-63.08782,7.13963
20060353,2006-04-22 02:00:00,-137.71741,-62.57751,7.11737
20060353,2006-04-22 03:00:00,-136.16083,-61.99751,7.06224
20060353,2006-04-22 04:00:00,-134.47862,-61.29618,7.02507
20060353,2006-04-22 05:00:00,-132.84500,-60.60067,6.97594
20060353,2006-04-22 06:00:00,-131.38942,-59.98609,6.92149
20060353,2006-04-22 07:00:00,-130.01798,-59.40329,6.79952
20060353,2006-04-22 08:00:00,-128.66585,-58.79121,6.75652
20060353,2006-04-22 09:00:00,-127.25720,-58.12203,6.72450
20060353,2006-04-22 10:00:00,-126.30223,-57.73277,6.65520
20060353,2006-04-22 11:00:00,-125.14619,-57.30896,6.67291
20060353,2006-04-22 12:00:00,-123.94556,-56.86406,6.65193
20060353,2006-04-22 13:00:00,-122.50751,-56.20805,6.67411
20060353,2006-04-22 14:00:00,-120.99089,-55.52603,6.78684
20060353,2006-04-22 15:00:00,-119.75395,-55.00944,6.88958
20060353,2006-04-22 16:00:00,-118.72319,-54.64913,6.93709
20060353,2006-04-22 17:00:00,-117.72128,-54.37715,6.99483
20060353,2006-04-22 18:00:00,-116.78226,-54.16262,6.95685
20060353,2006-04-22 19:00:00,-115.84905,-53.99826,6.93262
20060353,2006-04-22 20:00:00,-114.92676,-53.84543,6.91999
20060353,2006-04-22 21:00:00,-114.03197,-53.70248,6.92151
20060353,2006-04-22 22:00:00,-112.78677,-53.58594,6.85873
20060353,2006-04-22 23:00:00,-111.94746,-53.46204,6.83996
20060353,2006-04-23 00:00:00,-110.98740,-53.35033,6.86672
20060353,2006-04-23 01:00:00,-109.99544,-53.24889,6.91447
20060353,2006-04-23 02:00:00,-108.98540,-53.17411,6.92659
20060353,2006-04-23 03:00:00,-107.96483,-53.09912,6.93970
20060353,2006-04-23 04:00:00,-107.07823,-53.05861,6.86957
20060353,2006-04-23 05:00:00,-106.15080,-53.06724,6.83164
20060353,2006-04-23 06:00:00,-105.32071,-53.08877,6.77079
20060353,2006-04-23 07:00:00,-104.47351,-53.11762,6.68800
20060353,2006-04-23 08:00:00,-103.59638,-53.18286,6.62774
20060353,2006-04-23 09:00:00,-102.88629,-53.25617,6.56190
20060353,2006-04-23 10:00:00,-102.00397,-53.29731,6.33935
20060353,2006-04-23 11:00:00,-101.27518,-53.42716,6.38738
20060353,2006-04-23 12:00:00,-100.52862,-53.57295,6.41888
20060353,2006-04-23 13:00:00,-99.66125,-53.69803,6.45113
20060353,2006-04-23 14:00:00,-98.69385,-53.78744,6.37908
20060353,2006-04-23 15:00:00,-97.84866,-53.86170,6.31112
20060353,2006-04-23 16:00:00,-96.84534,-53.96217,6.24812
20060353,2006-04-23 17:00:00,-96.05515,-54.09982,6.17965
20060353,2006-04-23 18:00:00,-95.28803,-54.20030,6.11593
20060353,2006-04-23 19:00:00,-94.46628,-54.31170,5.96175
20060353,2006-04-23 20:00:00,-93.65582,-54.42469,5.81818
20060353,2006-04-23 21:00:00,-92.82575,-54.55246,5.77491
20060353,2006-04-23 22:00:00,-92.00430,-54.64107,5.67652
20060353,2006-04-23 23:00:00,-91.12543,-54.75356,5.74488
20060353,2006-04-24 00:00:00,-90.27213,-54.88341,5.84588
20060353,2006-04-24 01:00:00,-89.39349,-55.03389,5.88099
20060353,2006-04-24 02:00:00,-88.53244,-55.18572,5.87932
20060353,2006-04-24 03:00:00,-87.63287,-55.33922,5.81583
20060353,2006-04-24 04:00:00,-86.76395,-55.50733,5.73292
20060353,2006-04-24 05:00:00,-85.97989,-55.70587,5.64605
20060353,2006-04-24 06:00:00,-85.21344,-55.89413,5.54938
20060353,2006-04-24 07:00:00,-84.54239,-56.09461,5.51258
20060353,2006-04-24 08:00:00,-83.91281,-56.29556,5.43631
20060353,2006-04-24 09:00:00,-83.34396,-56.47914,5.34974
20060353,2006-04-24 10:00:00,-82.57129,-56.62865,4.95322
20060353,2006-04-24 11:00:00,-81.91956,-56.79206,4.84821
20060353,2006-04-24 12:00:00,-81.25357,-56.97668,4.75530
20060353,2006-04-24 13:00:00,-80.54263,-57.20522,4.67916
20060353,2006-04-24 14:00:00,-79.79553,-57.43913,4.52469
20060353,2006-04-24 15:00:00,-79.03613,-57.68971,4.34018
20060353,2006-04-24 16:00:00,-78.40335,-57.93885,4.16404
20060353,2006-04-24 17:00:00,-77.83682,-58.17818,3.96931
20060353,2006-04-24 18:00:00,-77.41153,-58.40917,3.76477
20060353,2006-04-24 19:00:00,-77.07834,-58.62207,3.59339
20060353,2006-04-24 20:00:00,-76.88342,-58.82814,3.44367
20060353,2006-04-24 21:00:00,-76.62527,-59.03062,3.30233
20060353,2006-04-24 22:00:00,-76.11679,-59.24614,3.04493
20060353,2006-04-24 23:00:00,-75.59418,-59.47228,2.87441
20060353,2006-04-25 00:00:00,-75.05798,-59.71964,2.71423
20060354,2006-04-19 14:00:00,-117.40328,-37.52314,2.17547
20060354,2006-04-19 15:00:00,-116.36644,-37.69040,2.21076
20060354,2006-04-19 16:00:00,-115.22049,-37.91121,2.25327
20060354,2006-04-19 17:00:00,-114.23231,-38.07992,2.27851
20060354,2006-04-19 18:00:00,-113.16443,-38.22884,2.37223
20060354,2006-04-19 19:00:00,-112.41930,-38.37914,2.33683
20060354,2006-04-19 20:00:00,-111.56314,-38.53755,2.22290
20060354,2006-04-19 21:00:00,-110.61693,-38.70734,2.14401
20060354,2006-04-19 22:00:00,-109.73535,-38.86153,1.99365
20060354,2006-04-19 23:00:00,-108.85928,-38.99672,2.00714
20060354,2006-04-20 00:00:00,-107.80337,-39.09943,1.97096
20060354,2006-04-20 01:00:00,-106.76959,-39.20457,1.93107
20060354,2006-04-20 02:00:00,-105.69420,-39.30848,1.90014
20060354,2006-04-20 03:00:00,-104.70770,-39.47060,1.88493
20060354,2006-04-20 04:00:00,-103.94858,-39.67998,1.87306
20060354,2006-04-20 05:00:00,-103.01627,-39.89648,1.86059
20060354,2006-04-20 06:00:00,-102.39493,-40.13578,1.87579
20060354,2006-04-20 07:00:00,-101.76630,-40.36282,1.93026
20060354,2006-04-20 08:00:00,-101.17300,-40.57422,2.04103
20060354,2006-04-20 09:00:00,-100.65717,-40.76869,2.08146
20060354,2006-04-20 10:00:00,-99.47192,-40.88340,2.38294
20060354,2006-04-20 11:00:00,-98.78330,-41.03591,2.48904
20060354,2006-04-20 12:00:00,-98.11706,-41.21064,2.57093
20060354,2006-04-20 13:00:00,-97.30621,-41.39700,2.71950
20060354,2006-04-20 14:00:00,-96.54767,-41.64227,2.78719
20060354,2006-04-20 15:00:00,-95.84204,-41.92998,2.88164
20060354,2006-04-20 16:00:00,-94.95920,-42.20536,2.96239
20060354,2006-04-20 17:00:00,-94.20242,-42.54801,2.99864
20060354,2006-04-20 18:00:00,-93.20966,-42.80458,3.14743
20060354,2006-04-20 19:00:00,-92.27557,-43.02705,3.16782
20060354,2006-04-20 20:00:00,-91.23178,-43.18359,3.22251
20060354,2006-04-20 21:00:00,-90.18686,-43.33655,3.29032
20060354,2006-04-20 22:00:00,-88.90994,-43.46120,3.68639
20060354,2006-04-20 23:00:00,-87.78888,-43.46308,3.85699
20060354,2006-04-21 00:00:00,-86.84241,-43.49805,3.86648
20060354,2006-04-21 01:00:00,-85.92041,-43.54009,3.95324
20060354,2006-04-21 02:00:00,-85.04773,-43.58070,3.99241
20060354,2006-04-21 03:00:00,-84.24265,-43.64800,3.99422
20060354,2006-04-21 04:00:00,-83.48819,-43.69905,3.98853
20060354,2006-04-21 05:00:00,-82.82837,-43.78975,3.99501
20060354,2006-04-21 06:00:00,-82.21365,-43.88885,3.96731
20060354,2006-04-21 07:00:00,-81.68439,-44.02096,3.94295
20060354,2006-04-21 08:00:00,-81.14700,-44.14317,3.90287
20060354,2006-04-21 09:00:00,-80.66028,-44.26412,3.85191
20060354,2006-04-21 10:00:00,-80.45502,-44.64670,3.72985
20060354,2006-04-21 11:00:00,-79.91476,-44.74857,3.61950
20060354,2006-04-21 12:00:00,-79.43646,-44.90925,3.50187
20060354,2006-04-21 13:00:00,-78.85586,-44.99191,3.39284
20060354,2006-04-21 14:00:00,-78.37115,-45.08816,3.11210
20060354,2006-04-21 15:00:00,-77.75980,-45.23289,2.94220
20060354,2006-04-21 16:00:00,-77.13263,-45.36968,2.71858
20060354,2006-04-21 17:00:00,-76.28909,-45.28817,2.42524
20060354,2006-04-21 18:00:00,-75.37903,-45.07830,2.24457
20060354,2006-04-21 19:00:00,-74.37793,-44.90900,2.23257
20060354,2006-04-21 20:00:00,-73.49850,-44.59814,2.24939
20060354,2006-04-21 21:00:00,-73.11346,-44.40398,2.07281
20060354,2006-04-21 22:00:00,-73.17795,-44.87346,2.12343
20060354,2006-04-21 23:00:00,-72.80527,-44.33120,1.74138
20060355,2006-04-19 15:00:00,-40.61423,-32.19525,1.15398
20060355,2006-04-19 16:00:00,-40.48477,-32.23614,1.28277
20060355,2006-04-19 17:00:00,-40.51148,-32.22355,1.29729
20060355,2006-04-19 18:00:00,-40.45941,-32.28762,1.42437
20060355,2006-04-19 19:00:00,-40.57959,-32.02704,1.54889
20060355,2006-04-19 20:00:00,-40.58017,-31.95573,1.66614
20060355,2006-04-19 21:00:00,-40.57181,-31.84660,1.77772
20060355,2006-04-19 22:00:00,-40.14179,-31.82243,1.84614
20060355,2006-04-19 23:00:00,-40.10754,-31.81119,1.94948
20060355,2006-04-20 00:00:00,-40.05118,-31.70660,2.01261
20060355,2006-04-20 01:00:00,-40.00345,-31.54065,2.07098
20060355,2006-04-20 02:00:00,-40.02646,-31.50550,2.08999
20060355,2006-04-20 03:00:00,-40.14487,-31.48840,2.15245
20060355,2006-04-20 04:00:00,-40.22055,-31.46370,2.18113
20060355,2006-04-20 05:00:00,-40.28534,-31.37758,2.14634
20060355,2006-04-20 06:00:00,-40.32910,-31.45455,2.15314
20060355,2006-04-20 07:00:00,-40.34906,-31.47515,2.15610
20060355,2006-04-20 08:00:00,-40.34381,-31.51699,2.19134
20060355,2006-04-20 09:00:00,-40.26325,-31.55400,2.22760
20060355,2006-04-20 10:00:00,-39.18881,-31.03934,2.60518
20060355,2006-04-20 11:00:00,-39.10815,-31.07863,2.69114
20060355,2006-04-20 12:00:00,-39.04666,-31.09499,2.75658
20060355,2006-04-20 13:00:00,-38.98135,-31.07230,2.84316
20060355,2006-04-20 14:00:00,-38.93033,-31.09794,2.90169
20060355,2006-04-20 15:00:00,-38.95221,-31.14742,2.94453
20060355,2006-04-20 16:00:00,-38.92380,-31.15670,2.99947
20060355,2006-04-20 17:00:00,-38.89597,-31.16070,3.08015
20060355,2006-04-20 18:00:00,-38.92361,-31.14607,3.13062
20060355,2006-04-20 19:00:00,-38.93784,-31.14551,3.19369
20060355,2006-04-20 20:00:00,-38.95099,-31.14830,3.19125
20060355,2006-04-20 21:00:00,-38.91065,-31.15911,3.21527
20060355,2006-04-20 22:00:00,-38.24173,-31.29084,3.54883
20060355,2006-04-20 23:00:00,-38.25143,-31.33339,3.58356
20060355,2006-04-21 00:00:00,-38.23883,-31.37687,3.57138
20060355,2006-04-21 01:00:00,-38.20016,-31.47929,3.56435
20060355,2006-04-21 02:00:00,-38.08545,-31.58451,3.55020
20060355,2006-04-21 03:00:00,-37.95438,-31.67717,3.53065
20060355,2006-04-21 04:00:00,-37.77615,-31.76640,3.49729
20060355,2006-04-21 05:00:00,-37.49124,-31.83951,3.46813
20060355,2006-04-21 06:00:00,-37.16690,-31.92166,3.41041
20060355,2006-04-21 07:00:00,-36.80847,-32.01514,3.35248
20060355,2006-04-21 08:00:00,-36.40643,-32.06974,3.32287
20060355,2006-04-21 09:00:00,-36.00034,-32.15239,3.31036
20060355,2006-04-21 10:00:00,-35.23355,-32.27844,3.58863
20060355,2006-04-21 11:00:00,-34.64783,-32.28795,3.69013
20060355,2006-04-21 12:00:00,-34.09051,-32.27000,3.69900
20060355,2006-04-21 13:00:00,-33.35837,-32.26424,3.77394
20060355,2006-04-21 14:00:00,-32.58295,-32.18723,3.75692
20060355,2006-04-21 15:00:00,-32.18106,-32.30549,3.72046
20060355,2006-04-21 16:00:00,-31.46780,-32.41311,3.85196
20060355,2006-04-21 17:00:00,-31.04117,-32.35837,3.88146
20060355,2006-04-21 18:00:00,-30.62830,-32.53518,3.87238
20060355,2006-04-21 19:00:00,-30.31659,-32.65421,3.84058
20060355,2006-04-21 20:00:00,-29.99127,-32.75073,3.91521
20060355,2006-04-21 21:00:00,-29.53638,-32.83564,4.03256
20060355,2006-04-21 22:00:00,-28.84582,-33.61052,4.34806
20060355,2006-04-21 23:00:00,-28.55087,-33.70755,4.52949
20060355,2006-04-22 00:00:00,-28.28625,-34.04496,4.47516
20060355,2006-04-22 01:00:00,-27.90454,-34.12161,4.83460
20060355,2006-04-22 02:00:00,-27.59705,-34.53227,4.78631
20060355,2006-04-22 03:00:00,-27.29990,-34.74378,5.17381
20060355,2006-04-22 04:00:00,-27.08401,-35.35393,4.59389
20060355,2006-04-22 05:00:00,-26.66333,-35.42593,5.28274
20060355,2006-04-22 06:00:00,-26.43567,-36.01778,4.64417
20060355,2006-04-22 07:00:00,-26.30685,-36.37491,5.05567
20060355,2006-04-22 08:00:00,-26.09146,-36.83219,4.72927
20060355,2006-04-22 09:00:00,-26.00699,-37.13764,4.85757
20060355,2006-04-22 10:00:00,-25.40659,-37.47281,4.68336
20060355,2006-04-22 11:00:00,-25.36124,-37.91630,4.64905
20060355,2006-04-22 12:00:00,-25.27048,-38.27228,4.57859
20060355,2006-04-22 13:00:00,-25.16773,-38.68827,4.43070
20060355,2006-04-22 14:00:00,-24.97122,-39.15112,4.35208
20060355,2006-04-22 15:00:00,-24.77994,-39.59757,4.24208
20060355,2006-04-22 16:00:00,-24.61798,-40.01176,4.04846
20060355,2006-04-22 17:00:00,-24.43555,-40.42698,3.80932
20060355,2006-04-22 18:00:00,-24.33731,-40.85975,3.74547
20060355,2006-04-22 19:00:00,-24.30765,-41.32666,3.54930
20060355,2006-04-22 20:00:00,-24.05924,-41.78252,3.49734
20060355,2006-04-22 21:00:00,-23.97427,-42.27718,3.36679
20060355,2006-04-22 22:00:00,-23.93652,-42.71187,3.07789
20060355,2006-04-22 23:00:00,-23.86389,-43.16848,2.84186
20060355,2006-04-23 00:00:00,-23.94357,-43.72714,2.64308
20060355,2006-04-23 01:00:00,-25.16693,-44.45049,2.52412
20060355,2006-04-23 02:00:00,-27.10031,-45.08431,2.48075
20060356,2006-04-19 21:00:00,-41.27365,-60.31381,3.82166
20060356,2006-04-19 22:00:00,-39.20853,-60.75365,4.28972
20060356,2006-04-19 23:00:00,-37.60416,-61.16424,4.47965
20060356,2006-04-20 00:00:00,-36.00052,-61.56172,4.67457
20060356,2006-04-20 01:00:00,-34.54221,-61.88190,4.81782
20060356,2006-04-20 02:00:00,-33.16202,-62.15056,4.88574
20060356,2006-04-20 03:00:00,-31.70456,-62.44495,4.92414
20060356,2006-04-20 04:00:00,-30.27246,-62.68572,4.92029
20060356,2006-04-20 05:00:00,-28.60962,-63.01076,4.90237
20060356,2006-04-20 06:00:00,-26.74094,-63.40412,4.86464
20060356,2006-04-20 07:00:00,-24.36169,-64.06614,4.83744
20060356,2006-04-20 08:00:00,-21.81082,-64.85896,4.89123
20060356,2006-04-20 09:00:00,-19.58984,-65.46377,4.99017
20060356,2006-04-20 10:00:00,-17.84445,-66.01804,5.13986
20060356,2006-04-20 11:00:00,-16.23413,-66.23984,5.25779
20060356,2006-04-20 12:00:00,-14.73114,-66.47659,5.33537
20060356,2006-04-20 13:00:00,-13.33392,-66.70534,5.43117
20060356,2006-04-20 14:00:00,-12.03210,-66.91045,5.53936
20060356,2006-04-20 15:00:00,-10.69959,-67.09015,5.65938
20060356,2006-04-20 16:00:00,-9.36145,-67.19048,5.75159
20060356,2006-04-20 17:00:00,-7.99545,-67.24869,5.81529
20060356,2006-04-20 18:00:00,-6.57886,-67.29677,5.87586
20060356,2006-04-20 19:00:00,-5.27408,-67.34165,5.89890
20060356,2006-04-20 20:00:00,-4.06162,-67.35420,5.93064
20060356,2006-04-20 21:00:00,-2.95322,-67.31338,5.92856
20060356,2006-04-20 22:00:00,-2.15521,-67.43986,5.81671
20060356,2006-04-20 23:00:00,-1.32752,-67.34008,5.78663
20060356,2006-04-21 00:00:00,-0.47021,-67.27873,5.76858
20060356,2006-04-21 01:00:00,0.17348,-67.27398,5.72616
20060356,2006-04-21 02:00:00,0.52175,-67.38680,5.73653
20060356,2006-04-21 03:00:00,0.98422,-67.38891,5.69114
20060356,2006-04-21 04:00:00,1.63761,-67.33215,5.61265
20060356,2006-04-21 05:00:00,2.29409,-67.25705,5.53775
20060356,2006-04-21 06:00:00,3.24161,-67.11101,5.53900
20060356,2006-04-21 07:00:00,4.54719,-66.87209,5.52810
20060356,2006-04-21 08:00:00,6.11959,-66.55465,5.57492
20060356,2006-04-21 09:00:00,7.99731,-66.10081,5.61895
20060356,2006-04-21 10:00:00,10.52437,-65.22937,5.59968
20060356,2006-04-21 11:00:00,11.36546,-65.00884,5.61231
20060356,2006-04-21 12:00:00,12.12078,-64.80952,5.64275
20060356,2006-04-21 13:00:00,12.83444,-64.62251,5.73320
20060356,2006-04-21 14:00:00,13.58091,-64.40586,5.88845
20060356,2006-04-21 15:00:00,14.24169,-64.24969,6.11268
20060356,2006-04-21 16:00:00,14.87805,-64.15569,6.33956
20060356,2006-04-21 17:00:00,15.51681,-64.07886,6.49413
20060356,2006-04-21 18:00:00,16.07497,-63.98164,6.63326
20060356,2006-04-21 19:00:00,16.60388,-63.90499,6.73209
20060356,2006-04-21 20:00:00,17.05533,-63.88028,6.81978
20060356,2006-04-21 21:00:00,17.41777,-63.91194,6.91914
20060356,2006-04-21 22:00:00,17.86864,-64.04547,6.87999
20060356,2006-04-21 23:00:00,18.27757,-64.08484,6.96628
20060356,2006-04-22 00:00:00,18.61216,-64.15423,7.12351
20060356,2006-04-22 01:00:00,18.77959,-64.31975,7.33729
20060356,2006-04-22 02:00:00,18.78970,-64.51527,7.53299
20060356,2006-04-22 03:00:00,18.89363,-64.64352,7.62662
20060356,2006-04-22 04:00:00,18.83103,-64.82564,7.74732
20060356,2006-04-22 05:00:00,18.85000,-64.98157,7.78860
20060356,2006-04-22 06:00:00,18.72574,-65.13029,7.86743
20060356,2006-04-22 07:00:00,18.63527,-65.24367,7.90384
20060356,2006-04-22 08:00:00,18.21529,-65.33013,8.02693
20060356,2006-04-22 09:00:00,17.78723,-65.40480,8.06635
20060356,2006-04-22 10:00:00,17.83818,-65.43642,8.36279
20060356,2006-04-22 11:00:00,17.28797,-65.52171,8.36535
20060356,2006-04-22 12:00:00,16.41030,-65.54240,8.40385
20060356,2006-04-22 13:00:00,15.55979,-65.51927,8.49005
20060356,2006-04-22 14:00:00,14.99349,-65.45017,8.71007
20060356,2006-04-22 15:00:00,14.73660,-65.38329,8.76648
20060356,2006-04-22 16:00:00,14.51307,-65.32333,8.78783
20060356,2006-04-22 17:00:00,14.13495,-65.21356,8.78490
20060356,2006-04-22 18:00:00,13.76024,-65.07470,8.77103
20060356,2006-04-22 19:00:00,13.62193,-64.96343,8.67598
20060356,2006-04-22 20:00:00,13.58009,-64.83117,8.61662
20060356,2006-04-22 21:00:00,13.62071,-64.68809,8.54637
20060356,2006-04-22 22:00:00,13.80632,-64.67170,8.12910
20060356,2006-04-22 23:00:00,13.87352,-64.48959,8.00947
20060356,2006-04-23 00:00:00,14.07112,-64.33810,7.90725
20060356,2006-04-23 01:00:00,14.32243,-64.23324,7.74012
20060356,2006-04-23 02:00:00,14.58025,-64.09894,7.60935
20060356,2006-04-23 03:00:00,14.83831,-63.95282,7.43706
20060356,2006-04-23 04:00:00,15.09458,-63.80371,7.24521
20060356,2006-04-23 05:00:00,15.30144,-63.59822,7.11237
20060356,2006-04-23 06:00:00,15.58385,-63.37851,6.93522
20060356,2006-04-23 07:00:00,15.88608,-63.16283,6.74954
20060356,2006-04-23 08:00:00,16.17766,-62.94974,6.58882
20060356,2006-04-23 09:00:00,16.52476,-62.72240,6.43959
20060356,2006-04-23 10:00:00,16.98258,-62.36957,6.13099
20060356,2006-04-23 11:00:00,17.35978,-62.05504,5.94528
20060356,2006-04-23 12:00:00,17.86403,-61.67441,5.77423
20060356,2006-04-23 13:00:00,18.45809,-61.27358,5.62769
20060356,2006-04-23 14:00:00,19.07655,-60.85478,5.50715
20060356,2006-04-23 15:00:00,19.63368,-60.51188,5.38483
20060356,2006-04-23 16:00:00,20.12568,-60.20679,5.25316
20060356,2006-04-23 17:00:00,20.56700,-59.89695,5.10585
20060356,2006-04-23 18:00:00,21.00310,-59.56868,5.00422
20060356,2006-04-23 19:00:00,21.46501,-59.28668,4.90752
20060356,2006-04-23 20:00:00,21.89666,-58.97872,4.84721
20060356,2006-04-23 21:00:00,22.34117,-58.67507,4.80505
20060356,2006-04-23 22:00:00,22.96224,-58.12798,4.65926
20060356,2006-04-23 23:00:00,23.41585,-57.93662,4.66830
20060356,2006-04-24 00:00:00,23.94077,-57.74947,4.56949
20060356,2006-04-24 01:00:00,24.52264,-57.56176,4.42957
20060356,2006-04-24 02:00:00,25.10161,-57.36747,4.30800
20060356,2006-04-24 03:00:00,25.67061,-57.17147,4.14623
20060356,2006-04-24 04:00:00,26.31629,-56.93479,3.99889
20060356,2006-04-24 05:00:00,26.94597,-56.67505,3.85965
20060356,2006-04-24 06:00:00,27.42498,-56.43058,3.75314
20060356,2006-04-24 07:00:00,27.88842,-56.19851,3.71015
20060356,2006-04-24 08:00:00,28.44178,-55.93873,3.60575
20060356,2006-04-24 09:00:00,29.12118,-55.66304,3.54231
20060356,2006-04-24 10:00:00,29.42473,-55.46951,3.43136
20060356,2006-04-24 11:00:00,30.35564,-55.35951,3.34228
20060357,2006-04-20 11:00:00,-147.50928,-61.19763,2.82314
20060357,2006-04-20 12:00:00,-145.84737,-60.05535,2.89750
20060357,2006-04-20 13:00:00,-144.39574,-59.06480,3.02041
20060357,2006-04-20 14:00:00,-143.08493,-58.15019,3.16600
20060357,2006-04-20 15:00:00,-141.94148,-57.30157,3.33136
20060357,2006-04-20 16:00:00,-140.88306,-56.35550,3.51209
20060357,2006-04-20 17:00:00,-139.90718,-55.45308,3.71545
20060357,2006-04-20 18:00:00,-139.01184,-54.73259,3.89941
20060357,2006-04-20 19:00:00,-138.12450,-54.08287,4.07216
20060357,2006-04-20 20:00:00,-137.23482,-53.37719,4.19770
20060357,2006-04-20 21:00:00,-136.35840,-52.71519,4.29975
20060357,2006-04-20 22:00:00,-135.50697,-52.17832,4.48112
20060357,2006-04-20 23:00:00,-134.65037,-51.69383,4.58240
20060357,2006-04-21 00:00:00,-133.83888,-51.26368,4.67844
20060357,2006-04-21 01:00:00,-133.04082,-50.83024,4.80767
20060357,2006-04-21 02:00:00,-132.30235,-50.35532,4.97071
20060357,2006-04-21 03:00:00,-131.47867,-49.78874,5.15938
20060357,2006-04-21 04:00:00,-130.70235,-49.29847,5.33948
20060357,2006-04-21 05:00:00,-129.98949,-48.85155,5.42379
20060357,2006-04-21 06:00:00,-129.18335,-48.43325,5.55458
20060357,2006-04-21 07:00:00,-128.43630,-48.04864,5.61839
20060357,2006-04-21 08:00:00,-127.54991,-47.68090,5.71187
20060357,2006-04-21 09:00:00,-126.75804,-47.41177,5.75421
20060357,2006-04-21 10:00:00,-125.41023,-47.26646,5.07408
20060357,2006-04-21 11:00:00,-124.39386,-47.07708,5.05140
20060357,2006-04-21 12:00:00,-123.50015,-46.92863,5.09834
20060357,2006-04-21 13:00:00,-122.60167,-46.77298,5.00458
20060357,2006-04-21 14:00:00,-121.67837,-46.63866,4.99690
20060357,2006-04-21 15:00:00,-120.67882,-46.54460,4.91706
20060357,2006-04-21 16:00:00,-119.84290,-46.47141,4.72274
20060357,2006-04-21 17:00:00,-118.63603,-46.54038,4.60495
20060357,2006-04-21 18:00:00,-117.16386,-46.77268,4.46606
20060357,2006-04-21 19:00:00,-115.54669,-47.17259,4.37105
20060357,2006-04-21 20:00:00,-114.18248,-47.51457,4.26924
20060357,2006-04-21 21:00:00,-112.97755,-47.77345,4.15834
20060357,2006-04-21 22:00:00,-111.18498,-48.40847,3.98572
20060357,2006-04-21 23:00:00,-109.66547,-48.87771,4.05765
20060357,2006-04-22 00:00:00,-108.29306,-49.22149,4.17568
20060357,2006-04-22 01:00:00,-107.10074,-49.51374,4.13219
20060357,2006-04-22 02:00:00,-105.76517,-49.81715,4.27797
20060357,2006-04-22 03:00:00,-104.47633,-50.07381,4.34438
20060357,2006-04-22 04:00:00,-103.28482,-50.37141,4.28539
20060357,2006-04-22 05:00:00,-101.95969,-50.73965,4.23775
20060357,2006-04-22 06:00:00,-100.68137,-51.06693,4.19848
20060357,2006-04-22 07:00:00,-99.43570,-51.38910,4.07055
20060357,2006-04-22 08:00:00,-98.03702,-51.77351,4.07111
20060357,2006-04-22 09:00:00,-96.71435,-52.15510,3.95747
20060357,2006-04-22 10:00:00,-95.19388,-52.51288,4.01866
20060357,2006-04-22 11:00:00,-93.89911,-53.06874,4.00309
20060357,2006-04-22 12:00:00,-92.65857,-53.60236,4.19075
20060357,2006-04-22 13:00:00,-91.49036,-54.06429,4.37537
20060357,2006-04-22 14:00:00,-90.38367,-54.40848,4.55429
20060357,2006-04-22 15:00:00,-89.25409,-54.64639,4.67876
20060357,2006-04-22 16:00:00,-88.16635,-54.89441,4.70327
20060357,2006-04-22 17:00:00,-87.09927,-55.15542,4.72455
20060357,2006-04-22 18:00:00,-86.08758,-55.44957,4.69652
20060357,2006-04-22 19:00:00,-85.14200,-55.78543,4.65717
20060357,2006-04-22 20:00:00,-84.25378,-56.18229,4.66193
20060357,2006-04-22 21:00:00,-83.35211,-56.60445,4.75107
20060357,2006-04-22 22:00:00,-82.20535,-57.11310,4.89433
20060357,2006-04-22 23:00:00,-81.22916,-57.57536,4.98571
20060357,2006-04-23 00:00:00,-80.29065,-58.04551,5.01692
20060357,2006-04-23 01:00:00,-79.62100,-58.52854,5.21515
20060357,2006-04-23 02:00:00,-79.15097,-58.94765,5.33230
20060357,2006-04-23 03:00:00,-78.74060,-59.30374,5.32531
20060357,2006-04-23 04:00:00,-78.43533,-59.64376,5.65932
20060357,2006-04-23 05:00:00,-78.01675,-59.97128,5.50977
20060357,2006-04-23 06:00:00,-77.61627,-60.32045,5.44321
20060357,2006-04-23 07:00:00,-77.35901,-60.63794,5.49856
20060357,2006-04-23 08:00:00,-77.14172,-60.94976,5.53096
20060357,2006-04-23 09:00:00,-76.89548,-61.28458,5.51732
20060357,2006-04-23 10:00:00,-76.70154,-61.58084,5.79976
20060357,2006-04-23 11:00:00,-76.54486,-61.90431,5.83985
20060357,2006-04-23 12:00:00,-76.41931,-62.17707,5.87741
20060357,2006-04-23 13:00:00,-76.29636,-62.45874,5.90918
20060357,2006-04-23 14:00:00,-76.18072,-62.72216,5.84831
20060357,2006-04-23 15:00:00,-76.10187,-63.00012,5.75129
20060357,2006-04-23 16:00:00,-76.08972,-63.25419,5.62300
20060357,2006-04-23 17:00:00,-76.10550,-63.51086,5.45445
20060357,2006-04-23 18:00:00,-76.20264,-63.81542,5.29425
20060357,2006-04-23 19:00:00,-76.38840,-64.17271,5.19535
20060357,2006-04-23 20:00:00,-76.60596,-64.52448,5.09072
20060357,2006-04-23 21:00:00,-76.85220,-64.84576,5.01098
20060357,2006-04-23 22:00:00,-77.11179,-65.19817,4.87221
20060357,2006-04-23 23:00:00,-77.44202,-65.53627,4.73930
20060357,2006-04-24 00:00:00,-77.76166,-65.87329,4.60280
20060357,2006-04-24 01:00:00,-78.03012,-66.21231,4.46555
20060357,2006-04-24 02:00:00,-78.34003,-66.59355,4.32642
20060357,2006-04-24 03:00:00,-78.64059,-66.95357,4.21182
20060357,2006-04-24 04:00:00,-78.98035,-67.32780,4.06685
20060357,2006-04-24 05:00:00,-79.38522,-67.67373,3.96254
20060357,2006-04-24 06:00:00,-79.85678,-68.03499,3.88209
20060357,2006-04-24 07:00:00,-80.30347,-68.36751,3.83600
20060357,2006-04-24 08:00:00,-80.60773,-68.68495,3.78869
20060357,2006-04-24 09:00:00,-80.86929,-69.02223,3.69302
20060357,2006-04-24 10:00:00,-81.30908,-69.42579,3.74731
20060357,2006-04-24 11:00:00,-81.25537,-69.83959,3.74342
20060357,2006-04-24 12:00:00,-81.16006,-70.22964,3.73697
20060357,2006-04-24 13:00:00,-81.12466,-70.56966,3.67823
20060357,2006-04-24 14:00:00,-81.29068,-70.84747,3.62186
20060357,2006-04-24 15:00:00,-81.74521,-71.05713,3.48964
20060357,2006-04-24 16:00:00,-82.18594,-71.27103,3.38466
20060357,2006-04-24 17:00:00,-82.76679,-71.45716,3.36407
20060357,2006-04-24 18:00:00,-83.26511,-71.63178,3.28770
20060357,2006-04-24 19:00:00,-83.53851,-71.83669,3.10524
20060357,2006-04-24 20:00:00,-83.93189,-71.99089,2.98136
20060357,2006-04-24 21:00:00,-84.66836,-72.05006,2.78559
20060357,2006-04-24 22:00:00,-86.12244,-71.97024,2.61145
20060357,2006-04-24 23:00:00,-87.05466,-72.01427,2.53636
20060357,2006-04-25 00:00:00,-88.18860,-72.03117,2.42049
20060357,2006-04-25 01:00:00,-89.43512,-72.07046,2.28521
20060357,2006-04-25 02:00:00,-91.48764,-72.02058,2.08799
20060357,2006-04-25 03:00:00,-94.27283,-71.91693,1.90319
20060357,2006-04-25 04:00:00,-97.48123,-71.75393,1.77936
20060357,2006-04-25 05:00:00,-99.72220,-71.67352,1.69608
20060357,2006-04-25 06:00:00,-100.20285,-71.88097,1.67697
20060357,2006-04-25 07:00:00,-101.03009,-71.98178,1.62417
20060357,2006-04-25 08:00:00,-101.94125,-72.05334,1.50470
20060357,2006-04-25 09:00:00,-103.02673,-72.02779,1.33875
20060357,2006-04-25 10:00:00,-103.51968,-72.07451,1.23893
20060358,2006-04-20 13:00:00,1.66729,-46.06679,3.37979
20060358,2006-04-20 14:00:00,1.68962,-45.99983,3.39810
20060358,2006-04-20 15:00:00,1.73158,-45.80118,3.36912
20060358,2006-04-20 16:00:00,1.91209,-45.42643,3.35863
20060358,2006-04-20 17:00:00,2.19181,-44.98361,3.30760
20060358,2006-04-20 18:00:00,2.70691,-44.41690,3.32989
20060358,2006-04-20 19:00:00,3.20555,-43.89011,3.35429
20060358,2006-04-20 20:00:00,3.67959,-43.43387,3.37196
20060358,2006-04-20 21:00:00,4.01898,-43.08006,3.44364
20060358,2006-04-20 22:00:00,4.57124,-42.71173,3.59262
20060358,2006-04-20 23:00:00,4.91773,-42.41375,3.61980
20060358,2006-04-21 00:00:00,5.28890,-42.05387,3.65288
20060358,2006-04-21 01:00:00,5.71529,-41.64824,3.63438
20060358,2006-04-21 02:00:00,6.19938,-41.22591,3.61422
20060358,2006-04-21 03:00:00,6.62772,-40.85818,3.66692
20060358,2006-04-21 04:00:00,7.25311,-40.41921,3.72664
20060358,2006-04-21 05:00:00,8.01252,-39.97763,3.81024
20060358,2006-04-21 06:00:00,8.73491,-39.58563,3.95976
20060358,2006-04-21 07:00:00,9.02679,-39.20672,4.01412
20060358,2006-04-21 08:00:00,9.46325,-38.86859,4.13584
20060358,2006-04-21 09:00:00,9.97932,-38.48052,4.23896
20060358,2006-04-21 10:00:00,10.66560,-38.26292,4.29318
20060358,2006-04-21 11:00:00,11.28987,-38.06697,4.35601
20060358,2006-04-21 12:00:00,11.65484,-37.90738,4.41940
20060358,2006-04-21 13:00:00,12.14936,-37.72905,4.58622
20060358,2006-04-21 14:00:00,12.50517,-37.58258,4.69718
20060358,2006-04-21 15:00:00,12.78796,-37.38520,4.75958
20060358,2006-04-21 16:00:00,13.17452,-37.21893,4.83653
20060358,2006-04-21 17:00:00,13.50385,-37.02156,4.89177
20060358,2006-04-21 18:00:00,13.78621,-36.85834,4.86700
20060358,2006-04-21 19:00:00,13.92673,-36.61636,4.81978
20060358,2006-04-21 20:00:00,14.27908,-36.41481,4.82649
20060358,2006-04-21 21:00:00,14.63947,-36.32093,4.79078
20060358,2006-04-21 22:00:00,15.35709,-36.47375,5.03366
20060358,2006-04-21 23:00:00,15.66230,-36.42722,5.01060
20060358,2006-04-22 00:00:00,16.00085,-36.41888,5.02186
20060358,2006-04-22 01:00:00,16.37418,-36.47012,4.93059
20060358,2006-04-22 02:00:00,16.79738,-36.53976,4.92281
20060358,2006-04-22 03:00:00,17.20110,-36.57177,4.95141
20060358,2006-04-22 04:00:00,17.60086,-36.61189,4.93716
20060358,2006-04-22 05:00:00,18.08685,-36.68016,4.90984
20060358,2006-04-22 06:00:00,18.56935,-36.70932,4.91030
20060358,2006-04-22 07:00:00,18.91091,-36.72382,4.63374
20060358,2006-04-22 08:00:00,19.25656,-36.85649,4.43910
20060358,2006-04-22 09:00:00,19.61609,-36.92476,4.26236
20060358,2006-04-22 10:00:00,20.59299,-37.30494,4.26985
20060358,2006-04-22 11:00:00,21.16021,-37.56905,4.14660
20060358,2006-04-22 12:00:00,21.62682,-37.70046,3.88343
20060358,2006-04-22 13:00:00,22.14340,-37.84616,3.58791
20060358,2006-04-22 14:00:00,22.63185,-38.05376,3.29490
20060358,2006-04-22 15:00:00,23.12093,-38.38388,3.11572
20060358,2006-04-22 16:00:00,23.58406,-38.72643,2.87950
20060358,2006-04-22 17:00:00,24.08969,-39.19079,2.97484
20060358,2006-04-22 18:00:00,24.43358,-39.86525,3.19776
20060358,2006-04-22 19:00:00,24.38952,-40.69720,3.32596
20060358,2006-04-22 20:00:00,24.22371,-41.63604,3.48228
20060358,2006-04-22 21:00:00,24.61772,-42.21003,3.86202
20060358,2006-04-22 22:00:00,24.98385,-43.44311,4.35637
20060358,2006-04-22 23:00:00,25.85328,-43.61201,4.53902
20060358,2006-04-23 00:00:00,26.89815,-43.85900,4.79299
20060358,2006-04-23 01:00:00,27.86059,-44.13549,4.93335
20060358,2006-04-23 02:00:00,28.82438,-44.71028,5.07232
20060358,2006-04-23 03:00:00,29.83012,-45.32543,5.19587
20060358,2006-04-23 04:00:00,30.71192,-45.80278,5.39012
20060358,2006-04-23 05:00:00,31.58018,-46.20222,5.56770
20060358,2006-04-23 06:00:00,32.35223,-46.62425,5.68349
20060358,2006-04-23 07:00:00,33.13569,-46.96552,5.74240
20060358,2006-04-23 08:00:00,33.92540,-47.41272,5.80261
20060358,2006-04-23 09:00:00,34.80777,-47.88329,5.80477
20060358,2006-04-23 10:00:00,35.81415,-48.45626,6.00442
20060358,2006-04-23 11:00:00,36.63484,-48.90646,5.95558
20060358,2006-04-23 12:00:00,37.36639,-49.35305,5.91913
20060358,2006-04-23 13:00:00,38.27471,-49.88674,5.87901
20060358,2006-04-23 14:00:00,39.28925,-50.47272,5.90802
20060358,2006-04-23 15:00:00,40.18950,-51.10658,6.10572
20060358,2006-04-23 16:00:00,41.09119,-51.75748,6.34434
20060358,2006-04-23 17:00:00,41.96215,-52.46972,6.57426
20060358,2006-04-23 18:00:00,43.06918,-53.33963,6.75003
20060358,2006-04-23 19:00:00,44.02667,-54.08765,6.99034
20060358,2006-04-23 20:00:00,45.07261,-54.84156,7.17064
20060358,2006-04-23 21:00:00,46.21231,-55.62532,7.42552
20060358,2006-04-23 22:00:00,46.83278,-56.04287,7.98956
20060358,2006-04-23 23:00:00,47.43319,-56.54062,8.44797
20060358,2006-04-24 00:00:00,47.84721,-56.90315,8.93364
20060358,2006-04-24 01:00:00,48.19656,-57.24110,9.38768
20060358,2006-04-24 02:00:00,48.49130,-57.54927,9.83483
20060358,2006-04-24 03:00:00,48.82292,-57.87132,10.19291
20060358,2006-04-24 04:00:00,49.19524,-58.20724,10.55293
20060358,2006-04-24 05:00:00,49.62445,-58.48081,10.77825
20060358,2006-04-24 06:00:00,50.07964,-58.75341,11.09756
20060358,2006-04-24 07:00:00,50.56639,-58.99529,11.25993
20060358,2006-04-24 08:00:00,50.91700,-59.21291,11.33373
20060358,2006-04-24 09:00:00,51.45229,-59.36078,11.30153
20060358,2006-04-24 10:00:00,51.77602,-59.57834,11.30453
20060358,2006-04-24 11:00:00,52.41633,-59.66893,11.13043
20060358,2006-04-24 12:00:00,52.97703,-59.76488,11.11104
20060358,2006-04-24 13:00:00,53.41428,-59.87868,11.14307
20060358,2006-04-24 14:00:00,53.90723,-59.99211,11.07824
20060358,2006-04-24 15:00:00,54.25512,-60.09131,10.90289
20060358,2006-04-24 16:00:00,54.43425,-60.13728,10.86579
20060358,2006-04-24 17:00:00,54.74280,-60.18344,10.52815
20060358,2006-04-24 18:00:00,55.43939,-60.27418,10.18088
20060358,2006-04-24 19:00:00,56.00164,-60.35772,9.92663
20060358,2006-04-24 20:00:00,55.88791,-60.39112,9.65142
20060358,2006-04-24 21:00:00,55.84104,-60.46096,9.43729
20060358,2006-04-24 22:00:00,54.30073,-60.48906,8.98072
20060358,2006-04-24 23:00:00,53.66076,-60.44364,8.74334
20060358,2006-04-25 00:00:00,53.58823,-60.41644,8.68319
20060358,2006-04-25 01:00:00,53.41864,-60.36796,8.68387
20060358,2006-04-25 02:00:00,53.78203,-60.36118,8.71467
20060358,2006-04-25 03:00:00,53.77045,-60.25089,8.62832
20060358,2006-04-25 04:00:00,53.58887,-60.12670,8.51135
20060358,2006-04-25 05:00:00,53.58411,-60.03448,8.55484
20060358,2006-04-25 06:00:00,53.58498,-59.97630,8.49904
20060358,2006-04-25 07:00:00,53.51049,-59.91152,8.46431
20060358,2006-04-25 08:00:00,53.37745,-59.81899,8.43445
20060358,2006-04-25 09:00:00,53.42262,-59.75244,8.43035
20060358,2006-04-25 10:00:00,53.64917,-59.82528,8.21309
20060358,2006-04-25 11:00:00,53.90835,-59.75678,8.17810
20060358,2006-04-25 12:00:00,54.37679,-59.75698,8.09420
20060358,2006-04-25 13:00:00,54.91108,-59.78078,8.01676
20060358,2006-04-25 14:00:00,55.42029,-59.78671,7.92457
20060358,2006-04-25 15:00:00,55.78988,-59.80860,7.87831
20060358,2006-04-25 16:00:00,56.11881,-59.81707,7.82356
20060358,2006-04-25 17:00:00,56.41126,-59.77893,7.72555
20060358,2006-04-25 18:00:00,56.74823,-59.74241,7.52767
20060358,2006-04-25 19:00:00,57.19813,-59.73192,7.34337
20060358,2006-04-25 20:00:00,57.70979,-59.74822,7.10444
20060358,2006-04-25 21:00:00,58.32670,-59.78011,6.80418
20060358,2006-04-25 22:00:00,58.96508,-59.87179,6.42710
20060358,2006-04-25 23:00:00,59.57147,-59.87440,6.14396
20060358,2006-04-26 00:00:00,60.24403,-59.87273,5.83914
20060358,2006-04-26 01:00:00,60.97013,-59.87717,5.52496
20060358,2006-04-26 02:00:00,61.72783,-59.88779,5.16382
20060358,2006-04-26 03:00:00,62.47658,-59.90110,4.78163
20060358,2006-04-26 04:00:00,63.15951,-59.92800,4.35762
20060358,2006-04-26 05:00:00,63.66890,-59.92848,3.94174
20060358,2006-04-26 06:00:00,63.69383,-59.91287,3.54082
20060359,2006-04-20 18:00:00,-72.10358,-29.42878,1.27684
20060359,2006-04-20 19:00:00,-72.05087,-29.45578,1.35430
20060359,2006-04-20 20:00:00,-71.82376,-29.18434,1.44808
20060359,2006-04-20 21:00:00,-71.50577,-28.79617,1.53981
20060359,2006-04-20 22:00:00,-71.55975,-28.39910,1.60092
20060359,2006-04-20 23:00:00,-71.82303,-28.68637,1.67151
20060359,2006-04-21 00:00:00,-71.82513,-28.93349,1.70530
20060359,2006-04-21 01:00:00,-71.69437,-29.06483,1.75232
20060359,2006-04-21 02:00:00,-71.45029,-29.18718,1.86340
20060359,2006-04-21 03:00:00,-71.29584,-29.21773,1.93750
20060359,2006-04-21 04:00:00,-71.30698,-29.20421,1.95048
20060359,2006-04-21 05:00:00,-71.37634,-29.25069,1.96668
20060359,2006-04-21 06:00:00,-71.40567,-29.23880,2.02659
20060359,2006-04-21 07:00:00,-71.44644,-29.22464,2.08558
20060359,2006-04-21 08:00:00,-71.46051,-29.25024,2.21716
20060359,2006-04-21 09:00:00,-71.45630,-29.31216,2.33731
20060359,2006-04-21 10:00:00,-71.41293,-29.22402,2.44190
20060359,2006-04-21 11:00:00,-71.36145,-29.31273,2.55812
20060359,2006-04-21 12:00:00,-71.30341,-29.49671,2.62559
20060359,2006-04-21 13:00:00,-71.24814,-29.48082,2.69683
20060359,2006-04-21 14:00:00,-71.18845,-29.52355,2.74728
20060359,2006-04-21 15:00:00,-71.13562,-29.50321,2.79142
20060359,2006-04-21 16:00:00,-71.06830,-29.26839,2.84788
20060359,2006-04-21 17:00:00,-70.94836,-29.12483,2.94891
20060359,2006-04-21 18:00:00,-70.80804,-29.05995,3.05731
20060359,2006-04-21 19:00:00,-70.66809,-29.01233,3.14873
20060359,2006-04-21 20:00:00,-70.55319,-28.92800,3.14685
20060359,2006-04-21 21:00:00,-70.49698,-28.84217,3.06962
20060359,2006-04-21 22:00:00,-70.36063,-28.80198,3.17791
20060359,2006-04-21 23:00:00,-70.29089,-28.75658,3.29961
20060359,2006-04-22 00:00:00,-70.29627,-28.79608,3.31886
20060359,2006-04-22 01:00:00,-70.29761,-28.75066,3.35834
20060359,2006-04-22 02:00:00,-70.29025,-28.69216,3.36937
20060359,2006-04-22 03:00:00,-70.28195,-28.62913,3.40391
20060359,2006-04-22 04:00:00,-70.20944,-28.59904,3.45702
20060359,2006-04-22 05:00:00,-70.13205,-28.52328,3.51419
20060359,2006-04-22 06:00:00,-70.03970,-28.41342,3.55830
20060359,2006-04-22 07:00:00,-69.97232,-28.30122,3.57588
20060359,2006-04-22 08:00:00,-69.94092,-28.20713,3.54686
20060359,2006-04-22 09:00:00,-69.89618,-28.09618,3.48820
20060359,2006-04-22 10:00:00,-69.86169,-27.89365,3.36266
20060359,2006-04-22 11:00:00,-69.80728,-27.81392,3.28954
20060359,2006-04-22 12:00:00,-69.80133,-27.84848,3.22923
20060359,2006-04-22 13:00:00,-69.78738,-27.96576,3.19237
20060359,2006-04-22 14:00:00,-69.74863,-28.08379,3.18824
20060359,2006-04-22 15:00:00,-69.78345,-27.96759,3.14585
20060359,2006-04-22 16:00:00,-69.85635,-27.72695,3.06681
20060359,2006-04-22 17:00:00,-70.06839,-27.51657,2.98312
20060359,2006-04-22 18:00:00,-70.32028,-27.28594,2.97413
20060359,2006-04-22 19:00:00,-70.60376,-27.15558,2.95888
20060359,2006-04-22 20:00:00,-70.90247,-26.85488,2.94123
20060359,2006-04-22 21:00:00,-71.13058,-26.47679,2.95212
20060359,2006-04-22 22:00:00,-71.79263,-25.57211,2.89465
20060359,2006-04-22 23:00:00,-72.61740,-24.01786,2.89768
20060359,2006-04-23 00:00:00,-72.87119,-23.67802,2.94784
20060359,2006-04-23 01:00:00,-73.11410,-23.36068,2.96996
20060359,2006-04-23 02:00:00,-73.36301,-23.03338,2.94860
20060359,2006-04-23 03:00:00,-73.63068,-22.72795,2.91685
20060359,2006-04-23 04:00:00,-73.77057,-22.69387,2.92006
20060359,2006-04-23 05:00:00,-73.80914,-22.89076,2.94729
20060359,2006-04-23 06:00:00,-73.88455,-23.02123,2.99385
20060359,2006-04-23 07:00:00,-74.02371,-23.07623,3.02246
20060359,2006-04-23 08:00:00,-74.21106,-23.10116,3.02807
20060359,2006-04-23 09:00:00,-74.37512,-23.16166,3.05288
20060359,2006-04-23 10:00:00,-74.37900,-23.06803,3.03708
20060359,2006-04-23 11:00:00,-74.49927,-23.07626,3.10108
20060359,2006-04-23 12:00:00,-74.64761,-23.07116,3.17973
20060359,2006-04-23 13:00:00,-74.81827,-23.07268,3.23392
20060359,2006-04-23 14:00:00,-74.93131,-23.08057,3.31359
20060359,2006-04-23 15:00:00,-75.01663,-23.07388,3.38301
20060359,2006-04-23 16:00:00,-75.09659,-23.09055,3.42758
20060359,2006-04-23 17:00:00,-75.13559,-23.12522,3.45362
20060359,2006-04-23 18:00:00,-75.15396,-23.13583,3.45718
20060359,2006-04-23 19:00:00,-75.12888,-23.12186,3.43058
20060359,2006-04-23 20:00:00,-75.12122,-23.05515,3.42215
20060359,2006-04-23 21:00:00,-75.10535,-22.95023,3.42797
20060359,2006-04-23 22:00:00,-75.08481,-22.75651,3.34014
20060359,2006-04-23 23:00:00,-75.18750,-22.51324,3.34713
20060359,2006-04-24 00:00:00,-75.21484,-22.33009,3.36832
20060359,2006-04-24 01:00:00,-75.25284,-22.18774,3.42043
20060359,2006-04-24 02:00:00,-75.29263,-22.08167,3.48148
20060359,2006-04-24 03:00:00,-75.35413,-22.00483,3.55655
20060359,2006-04-24 04:00:00,-75.41998,-21.96965,3.63745
20060359,2006-04-24 05:00:00,-75.50528,-21.93702,3.70006
20060359,2006-04-24 06:00:00,-75.60330,-21.90951,3.73924
20060359,2006-04-24 07:00:00,-75.69916,-21.87223,3.75116
20060359,2006-04-24 08:00:00,-75.77206,-21.86307,3.75418
20060359,2006-04-24 09:00:00,-75.82794,-21.86975,3.74271
20060359,2006-04-24 10:00:00,-75.86807,-21.80618,3.76283
20060359,2006-04-24 11:00:00,-75.89337,-21.86256,3.72101
20060359,2006-04-24 12:00:00,-75.88199,-21.95901,3.71372
20060359,2006-04-24 13:00:00,-75.87588,-22.04053,3.71225
20060359,2006-04-24 14:00:00,-75.90082,-22.06078,3.68877
20060359,2006-04-24 15:00:00,-75.87021,-22.11745,3.72617
20060359,2006-04-24 16:00:00,-75.85645,-22.13664,3.74142
20060359,2006-04-24 17:00:00,-75.85538,-22.11304,3.75248
20060359,2006-04-24 18:00:00,-75.84647,-22.05714,3.78363
20060359,2006-04-24 19:00:00,-75.83588,-21.99049,3.82217
20060359,2006-04-24 20:00:00,-75.83627,-21.89182,3.89026
20060359,2006-04-24 21:00:00,-75.86328,-21.75603,3.92160
20060359,2006-04-24 22:00:00,-75.79404,-21.63176,3.91344
20060359,2006-04-24 23:00:00,-75.89651,-21.47525,3.96244
20060359,2006-04-25 00:00:00,-76.00217,-21.32264,4.01243
20060359,2006-04-25 01:00:00,-76.15314,-21.15366,4.06828
20060359,2006-04-25 02:00:00,-76.31342,-20.97048,4.09537
20060359,2006-04-25 03:00:00,-76.46310,-20.83831,4.14743
20060359,2006-04-25 04:00:00,-76.61728,-20.72905,4.17987
20060359,2006-04-25 05:00:00,-76.76953,-20.65723,4.11884
20060359,2006-04-25 06:00:00,-76.93076,-20.61688,4.02674
20060359,2006-04-25 07:00:00,-77.03708,-20.64027,4.00058
20060359,2006-04-25 08:00:00,-77.15918,-20.63476,3.88734
20060359,2006-04-25 09:00:00,-77.26755,-20.62552,3.77787
20060359,2006-04-25 10:00:00,-77.33456,-20.36688,3.55667
20060359,2006-04-25 11:00:00,-77.44336,-20.36104,3.47726
20060359,2006-04-25 12:00:00,-77.61209,-20.29126,3.38869
20060359,2006-04-25 13:00:00,-77.77203,-20.26757,3.36253
20060359,2006-04-25 14:00:00,-77.96307,-20.19081,3.31342
20060359,2006-04-25 15:00:00,-78.19540,-20.09343,3.30369
20060359,2006-04-25 16:00:00,-78.44534,-19.98245,3.28592
20060359,2006-04-25 17:00:00,-78.70691,-19.84182,3.29773
20060359,2006-04-25 18:00:00,-78.93240,-19.69690,3.28311
20060359,2006-04-25 19:00:00,-79.11475,-19.58825,3.25547
20060359,2006-04-25 20:00:00,-79.30402,-19.46110,3.22767
20060359,2006-04-25 21:00:00,-79.42795,-19.37349,3.19842
20060359,2006-04-25 22:00:00,-79.79074,-19.06694,3.13180
20060359,2006-04-25 23:00:00,-79.87402,-19.03410,3.08386
20060359,2006-04-26 00:00:00,-79.95142,-18.93681,3.08428
20060359,2006-04-26 01:00:00,-79.95740,-18.92216,3.07591
20060359,2006-04-26 02:00:00,-79.99387,-18.95994,3.09757
20060359,2006-04-26 03:00:00,-80.07855,-18.98816,3.06842
20060359,2006-04-26 04:00:00,-80.20633,-19.11428,3.10182
20060359,2006-04-26 05:00:00,-80.34164,-19.16709,3.08986
20060359,2006-04-26 06:00:00,-80.49789,-19.20992,3.03483
20060359,2006-04-26 07:00:00,-80.63724,-19.24102,3.03186
20060359,2006-04-26 08:00:00,-80.76022,-19.18942,2.96028
20060359,2006-04-26 09:00:00,-80.89352,-19.12288,2.89143
20060359,2006-04-26 10:00:00,-80.81760,-18.94069,2.91051
20060359,2006-04-26 11:00:00,-80.99060,-19.00706,2.85436
20060359,2006-04-26 12:00:00,-81.18393,-18.99835,2.74888
20060359,2006-04-26 13:00:00,-81.35571,-19.04162,2.72482
20060359,2006-04-26 14:00:00,-81.56574,-19.02808,2.68736
20060359,2006-04-26 15:00:00,-81.65710,-19.06107,2.66240
20060359,2006-04-26 16:00:00,-81.79980,-18.84404,2.58656
20060359,2006-04-26 17:00:00,-81.86350,-18.73814,2.55159
20060359,2006-04-26 18:00:00,-81.85510,-18.64114,2.56438
20060359,2006-04-26 19:00:00,-81.82281,-18.60944,2.49515
20060359,2006-04-26 20:00:00,-81.80212,-18.54340,2.45393
20060359,2006-04-26 21:00:00,-81.74768,-18.56048,2.36297
20060360,2006-04-20 23:00:00,-54.84561,-36.32952,2.94576
20060360,2006-04-21 00:00:00,-54.63516,-35.83771,3.10018
20060360,2006-04-21 01:00:00,-54.52359,-35.28497,3.12921
20060360,2006-04-21 02:00:00,-54.21143,-34.94826,3.36060
20060360,2006-04-21 03:00:00,-54.06558,-34.64929,3.66628
20060360,2006-04-21 04:00:00,-54.10901,-34.19835,3.75449
20060360,2006-04-21 05:00:00,-53.94098,-33.77459,4.12621
20060360,2006-04-21 06:00:00,-53.56220,-33.77906,4.20971
20060360,2006-04-21 07:00:00,-53.63403,-33.13366,4.53528
20060360,2006-04-21 08:00:00,-52.97723,-33.43403,4.54269
20060360,2006-04-21 09:00:00,-52.41959,-33.56815,4.65549
20060360,2006-04-21 10:00:00,-51.83771,-33.65104,4.92085
20060360,2006-04-21 11:00:00,-51.14435,-33.98445,4.93064
20060360,2006-04-21 12:00:00,-50.62470,-34.13571,5.05661
20060360,2006-04-21 13:00:00,-49.97260,-34.65831,4.86945
20060360,2006-04-21 14:00:00,-49.17337,-34.93543,4.96066
20060360,2006-04-21 15:00:00,-49.04748,-36.43234,6.04300
20060360,2006-04-21 16:00:00,-48.37585,-35.81486,4.90140
20060360,2006-04-21 17:00:00,-47.78680,-36.11534,5.70595
20060360,2006-04-21 18:00:00,-47.96988,-37.23166,6.04698
20060360,2006-04-21 19:00:00,-47.42624,-37.12484,6.34162
20060360,2006-04-21 20:00:00,-46.82034,-36.97920,6.18417
20060360,2006-04-21 21:00:00,-46.75717,-37.39732,6.85546
20060360,2006-04-21 22:00:00,-46.87952,-37.73913,6.77056
20060360,2006-04-21 23:00:00,-46.49127,-37.92280,7.04341
20060360,2006-04-22 00:00:00,-46.20657,-38.16584,7.33529
20060360,2006-04-22 01:00:00,-45.82230,-38.42772,7.55079
20060360,2006-04-22 02:00:00,-45.46063,-38.65370,7.76214
20060360,2006-04-22 03:00:00,-45.21579,-38.99063,7.85431
20060360,2006-04-22 04:00:00,-44.97693,-39.38402,8.21312
20060360,2006-04-22 05:00:00,-44.69898,-39.71434,8.41183
20060360,2006-04-22 06:00:00,-44.42035,-40.01940,8.72948
20060360,2006-04-22 07:00:00,-44.17145,-40.34994,8.81774
20060360,2006-04-22 08:00:00,-43.97046,-40.61283,8.94229
20060360,2006-04-22 09:00:00,-43.76099,-40.84338,9.12759
20060360,2006-04-22 10:00:00,-43.85584,-41.26566,9.39335
20060360,2006-04-22 11:00:00,-43.79166,-41.49468,9.50938
20060360,2006-04-22 12:00:00,-43.73770,-41.78416,9.49458
20060360,2006-04-22 13:00:00,-43.67950,-42.06819,9.42399
20060360,2006-04-22 14:00:00,-43.56335,-42.30134,9.36608
20060360,2006-04-22 15:00:00,-43.45169,-42.57099,9.33672
20060360,2006-04-22 16:00:00,-43.25250,-42.75079,9.34515
20060360,2006-04-22 17:00:00,-43.07748,-42.94530,9.34851
20060360,2006-04-22 18:00:00,-42.87622,-43.11103,9.27663
20060360,2006-04-22 19:00:00,-42.71228,-43.31431,9.24195
20060360,2006-04-22 20:00:00,-42.56946,-43.53208,9.25179
20060360,2006-04-22 21:00:00,-42.43472,-43.77809,9.29030
20060360,2006-04-22 22:00:00,-42.59540,-44.21796,9.30666
20060360,2006-04-22 23:00:00,-42.46085,-44.47649,9.27692
20060360,2006-04-23 00:00:00,-42.30939,-44.76894,9.16704
20060360,2006-04-23 01:00:00,-42.14285,-45.04982,9.09245
20060360,2006-04-23 02:00:00,-42.06775,-45.27931,9.06155
20060360,2006-04-23 03:00:00,-41.95883,-45.47346,8.97839
20060360,2006-04-23 04:00:00,-41.87445,-45.70285,8.89840
20060360,2006-04-23 05:00:00,-41.84488,-45.89262,8.78823
20060360,2006-04-23 06:00:00,-41.84348,-46.04812,8.75452
20060360,2006-04-23 07:00:00,-41.83377,-46.21154,8.71474
20060360,2006-04-23 08:00:00,-41.83502,-46.37683,8.69514
20060360,2006-04-23 09:00:00,-41.78503,-46.58883,8.73134
20060360,2006-04-23 10:00:00,-41.82568,-46.84026,8.74499
20060360,2006-04-23 11:00:00,-41.73373,-47.04267,8.64750
20060360,2006-04-23 12:00:00,-41.64328,-47.22561,8.49713
20060360,2006-04-23 13:00:00,-41.54510,-47.44225,8.37637
20060360,2006-04-23 14:00:00,-41.45401,-47.65473,8.28425
20060360,2006-04-23 15:00:00,-41.38586,-47.86837,8.26858
20060360,2006-04-23 16:00:00,-41.32864,-48.05777,8.25941
20060360,2006-04-23 17:00:00,-41.28937,-48.22447,8.30087
20060360,2006-04-23 18:00:00,-41.24310,-48.36570,8.29275
20060360,2006-04-23 19:00:00,-41.18973,-48.50090,8.29291
20060360,2006-04-23 20:00:00,-41.12271,-48.64297,8.24578
20060360,2006-04-23 21:00:00,-41.04273,-48.82654,8.13151
20060360,2006-04-23 22:00:00,-41.12097,-49.09481,7.99278
20060360,2006-04-23 23:00:00,-41.07022,-49.21402,7.87345
20060360,2006-04-24 00:00:00,-40.99960,-49.29808,7.82596
20060360,2006-04-24 01:00:00,-40.97339,-49.40870,7.74980
20060360,2006-04-24 02:00:00,-40.92236,-49.49542,7.71677
20060360,2006-04-24 03:00:00,-40.90747,-49.58673,7.75538
20060360,2006-04-24 04:00:00,-40.92658,-49.75997,7.76395
20060360,2006-04-24 05:00:00,-40.91010,-49.91095,7.75340
20060360,2006-04-24 06:00:00,-40.89819,-50.07515,7.71149
20060360,2006-04-24 07:00:00,-40.84049,-50.20089,7.65049
20060360,2006-04-24 08:00:00,-40.75900,-50.32915,7.57691
20060360,2006-04-24 09:00:00,-40.63138,-50.38591,7.46639
20060360,2006-04-24 10:00:00,-40.19730,-50.33534,7.36661
20060360,2006-04-24 11:00:00,-40.07977,-50.48178,7.23520
20060360,2006-04-24 12:00:00,-40.01901,-50.61768,7.12608
20060360,2006-04-24 13:00:00,-40.03638,-50.78077,7.04798
20060360,2006-04-24 14:00:00,-40.01907,-50.95158,6.96657
20060360,2006-04-24 15:00:00,-40.00122,-51.10795,6.89029
20060360,2006-04-24 16:00:00,-39.93219,-51.23775,6.83169
20060360,2006-04-24 17:00:00,-39.86465,-51.37063,6.79224
20060360,2006-04-24 18:00:00,-39.79523,-51.48490,6.74348
20060360,2006-04-24 19:00:00,-39.62903,-51.55867,6.70213
20060360,2006-04-24 20:00:00,-39.49573,-51.67262,6.63974
20060360,2006-04-24 21:00:00,-39.27609,-51.73285,6.54017
20060360,2006-04-24 22:00:00,-39.08105,-51.83702,6.44589
20060360,2006-04-24 23:00:00,-38.60211,-51.83339,6.28539
20060360,2006-04-25 00:00:00,-37.97369,-51.78297,6.18061
20060361,2006-04-21 09:00:00,-43.23373,-79.58682,4.07538
20060361,2006-04-21 10:00:00,-45.85431,-79.73867,4.46498
20060361,2006-04-21 11:00:00,-47.28095,-79.69520,4.52188
20060361,2006-04-21 12:00:00,-48.51096,-79.68302,4.57394
20060361,2006-04-21 13:00:00,-49.20941,-79.66869,4.63592
20060361,2006-04-21 14:00:00,-49.63153,-79.63158,4.69499
20060361,2006-04-21 15:00:00,-49.82791,-79.55935,4.69402
20060361,2006-04-21 16:00:00,-49.89563,-79.41189,4.61799
20060361,2006-04-21 17:00:00,-49.96002,-79.26376,4.57236
20060361,2006-04-21 18:00:00,-49.99365,-79.13291,4.56408
20060361,2006-04-21 19:00:00,-49.85925,-78.98814,4.53421
20060361,2006-04-21 20:00:00,-49.54568,-78.83823,4.49640
20060361,2006-04-21 21:00:00,-48.94272,-78.69069,4.44867
20060361,2006-04-21 22:00:00,-49.28931,-78.64939,4.44262
20060361,2006-04-21 23:00:00,-48.21185,-78.46329,4.37610
20060361,2006-04-22 00:00:00,-47.06915,-78.27660,4.31686
20060361,2006-04-22 01:00:00,-45.82269,-78.07244,4.26165
20060361,2006-04-22 02:00:00,-44.75449,-77.89464,4.21005
20060361,2006-04-22 03:00:00,-43.78915,-77.71743,4.16577
20060361,2006-04-22 04:00:00,-42.91281,-77.52968,4.11894
20060361,2006-04-22 05:00:00,-42.08432,-77.35050,4.06691
20060361,2006-04-22 06:00:00,-41.11395,-77.11744,3.98417
20060361,2006-04-22 07:00:00,-40.12076,-76.88238,3.92785
20060361,2006-04-22 08:00:00,-39.01511,-76.63530,3.87195
20060361,2006-04-22 09:00:00,-38.17093,-76.44684,3.85679
20060361,2006-04-22 10:00:00,-34.38885,-75.56633,3.81804
20060361,2006-04-22 11:00:00,-32.30881,-75.02537,3.81205
20060361,2006-04-22 12:00:00,-30.60669,-74.54515,3.84628
20060361,2006-04-22 13:00:00,-29.85046,-74.31412,3.90304
20060361,2006-04-22 14:00:00,-29.65671,-74.23432,3.96026
20060361,2006-04-22 15:00:00,-29.55972,-74.20052,3.98184
20060361,2006-04-22 16:00:00,-29.48944,-74.20010,4.01262
20060361,2006-04-22 17:00:00,-29.48523,-74.23505,4.00942
20060361,2006-04-22 18:00:00,-28.94260,-74.18185,3.99533
20060361,2006-04-22 19:00:00,-28.25641,-74.10524,3.99273
20060361,2006-04-22 20:00:00,-27.31378,-73.99123,4.01579
20060361,2006-04-22 21:00:00,-26.40347,-73.87347,4.07903
20060361,2006-04-22 22:00:00,-25.51996,-73.74704,4.04408
20060361,2006-04-22 23:00:00,-24.90601,-73.63934,4.14709
20060361,2006-04-23 00:00:00,-24.64740,-73.57549,4.22827
20060361,2006-04-23 01:00:00,-24.54974,-73.49989,4.27831
20060361,2006-04-23 02:00:00,-24.39099,-73.39392,4.33524
20060361,2006-04-23 03:00:00,-24.04630,-73.25856,4.40779
20060361,2006-04-23 04:00:00,-23.55579,-73.10576,4.45966
20060361,2006-04-23 05:00:00,-23.02564,-72.93449,4.56078
20060361,2006-04-23 06:00:00,-22.57916,-72.77185,4.61120
20060361,2006-04-23 07:00:00,-22.12787,-72.55322,4.67123
20060361,2006-04-23 08:00:00,-21.68747,-72.29747,4.68441
20060361,2006-04-23 09:00:00,-21.29450,-72.00250,4.68508
20060361,2006-04-23 10:00:00,-21.18051,-71.70458,4.75087
20060361,2006-04-23 11:00:00,-20.78683,-71.46410,4.71583
20060361,2006-04-23 12:00:00,-20.31976,-71.17112,4.72157
20060361,2006-04-23 13:00:00,-19.83374,-70.91649,4.66230
20060361,2006-04-23 14:00:00,-19.20163,-70.59232,4.61831
20060361,2006-04-23 15:00:00,-18.49310,-70.23212,4.61699
20060361,2006-04-23 16:00:00,-17.76535,-69.85475,4.58694
20060361,2006-04-23 17:00:00,-16.94513,-69.43545,4.61385
20060361,2006-04-23 18:00:00,-16.22879,-69.10185,4.58601
20060361,2006-04-23 19:00:00,-15.58145,-68.83968,4.51686
20060361,2006-04-23 20:00:00,-14.86395,-68.54429,4.44813
20060361,2006-04-23 21:00:00,-14.07901,-68.25942,4.43978
20060361,2006-04-23 22:00:00,-13.76849,-68.11484,4.56051
20060361,2006-04-23 23:00:00,-13.12228,-67.83279,4.57726
20060361,2006-04-24 00:00:00,-12.27148,-67.53486,4.55535
20060361,2006-04-24 01:00:00,-11.21579,-67.21507,4.54912
20060361,2006-04-24 02:00:00,-10.06433,-66.92627,4.49696
20060361,2006-04-24 03:00:00,-8.99194,-66.66212,4.46099
20060361,2006-04-24 04:00:00,-7.94226,-66.40996,4.42017
20060361,2006-04-24 05:00:00,-6.98602,-66.20810,4.41297
20060361,2006-04-24 06:00:00,-6.14477,-66.04964,4.49373
20060361,2006-04-24 07:00:00,-5.27963,-65.93796,4.47558
20060361,2006-04-24 08:00:00,-4.46222,-65.80931,4.54637
20060361,2006-04-24 09:00:00,-3.62607,-65.68063,4.58152
20060361,2006-04-24 10:00:00,-1.46567,-65.62082,4.22372
20060361,2006-04-24 11:00:00,-0.40765,-65.56840,4.30103
20060361,2006-04-24 12:00:00,0.32681,-65.49291,4.41458
20060361,2006-04-24 13:00:00,1.15708,-65.44476,4.42103
20060361,2006-04-24 14:00:00,1.50961,-65.29963,4.55560
20060361,2006-04-24 15:00:00,1.80682,-65.16658,4.52384
20060361,2006-04-24 16:00:00,2.32130,-64.99565,4.46078
20060361,2006-04-24 17:00:00,2.61702,-64.80140,4.58872
20060361,2006-04-24 18:00:00,3.18073,-64.69788,4.53658
20060361,2006-04-24 19:00:00,3.66071,-64.57912,4.53763
20060361,2006-04-24 20:00:00,4.07422,-64.46359,4.48475
20060361,2006-04-24 21:00:00,4.50625,-64.32595,4.35343
20060361,2006-04-24 22:00:00,5.03283,-63.82792,4.51614
20060361,2006-04-24 23:00:00,5.62231,-63.53970,4.44481
20060361,2006-04-25 00:00:00,6.32551,-63.13045,4.33992
20060361,2006-04-25 01:00:00,7.11502,-62.72195,4.31813
20060361,2006-04-25 02:00:00,7.96701,-62.36116,4.26744
20060361,2006-04-25 03:00:00,8.97022,-61.89374,4.25723
20060361,2006-04-25 04:00:00,10.19391,-61.29778,4.29260
20060361,2006-04-25 05:00:00,11.79006,-60.54102,4.33855
20060361,2006-04-25 06:00:00,13.57428,-59.80543,4.38473
20060361,2006-04-25 07:00:00,15.39510,-58.96942,4.63809
20060361,2006-04-25 08:00:00,17.53077,-57.95349,4.69392
20060361,2006-04-25 09:00:00,18.73541,-57.68318,4.92978
20060361,2006-04-25 10:00:00,19.08364,-58.23548,5.27272
20060361,2006-04-25 11:00:00,20.60458,-57.78131,5.35438
20060361,2006-04-25 12:00:00,22.16667,-57.39780,5.45368
20060361,2006-04-25 13:00:00,23.52578,-57.17822,5.62436
20060361,2006-04-25 14:00:00,24.74703,-56.97456,5.85664
20060361,2006-04-25 15:00:00,25.98045,-56.83550,6.09964
20060361,2006-04-25 16:00:00,27.27768,-56.64139,6.34781
20060361,2006-04-25 17:00:00,28.54963,-56.47331,6.66312
20060361,2006-04-25 18:00:00,29.98494,-56.26437,6.85067
20060361,2006-04-25 19:00:00,31.23109,-56.12085,7.15035
20060361,2006-04-25 20:00:00,32.63101,-55.96225,7.31544
20060361,2006-04-25 21:00:00,33.95565,-55.82597,7.47904
20060361,2006-04-25 22:00:00,35.15304,-55.78548,7.54839
20060361,2006-04-25 23:00:00,36.60620,-55.70024,7.49612
20060361,2006-04-26 00:00:00,37.92789,-55.68305,7.56033
20060361,2006-04-26 01:00:00,39.36538,-55.67034,7.55435
20060361,2006-04-26 02:00:00,40.67971,-55.75449,7.62082
20060361,2006-04-26 03:00:00,41.91205,-55.89351,7.76880
20060361,2006-04-26 04:00:00,43.04409,-56.03355,8.08015
20060361,2006-04-26 05:00:00,44.24498,-56.15630,8.15276
20060361,2006-04-26 06:00:00,45.38839,-56.30557,8.08563
20060361,2006-04-26 07:00:00,46.60829,-56.50964,8.03084
20060361,2006-04-26 08:00:00,47.82305,-56.72487,7.93879
20060361,2006-04-26 09:00:00,49.03940,-56.96563,7.91383
20060361,2006-04-26 10:00:00,50.46349,-57.11333,8.06602
20060361,2006-04-26 11:00:00,51.44401,-57.34506,8.07574
20060361,2006-04-26 12:00:00,52.42173,-57.52991,8.06467
20060361,2006-04-26 13:00:00,53.36135,-57.77774,8.06255
20060361,2006-04-26 14:00:00,54.27545,-57.99183,8.20412
20060361,2006-04-26 15:00:00,55.04449,-58.13690,8.24258
20060361,2006-04-26 16:00:00,55.88285,-58.31355,8.19123
20060361,2006-04-26 17:00:00,56.84296,-58.47795,8.25677
20060361,2006-04-26 18:00:00,57.42049,-58.56214,8.08253
20060361,2006-04-26 19:00:00,58.31240,-58.73275,8.22985
20060361,2006-04-26 20:00:00,59.20412,-58.86818,8.44266
20060361,2006-04-26 21:00:00,59.46080,-58.87462,8.11082
20060361,2006-04-26 22:00:00,59.42933,-58.77357,7.66775
20060361,2006-04-26 23:00:00,60.51447,-58.98980,7.78956
20060361,2006-04-27 00:00:00,61.43737,-59.14713,7.77343
20060361,2006-04-27 01:00:00,61.94214,-59.22186,7.60376
20060361,2006-04-27 02:00:00,62.90791,-59.38527,7.64665
20060361,2006-04-27 03:00:00,63.60685,-59.48253,7.61917
20060361,2006-04-27 04:00:00,64.31071,-59.57038,7.53573
20060361,2006-04-27 05:00:00,65.01826,-59.64549,7.42795
20060361,2006-04-27 06:00:00,65.69891,-59.72023,7.32270
20060361,2006-04-27 07:00:00,66.35605,-59.80111,7.21730
20060361,2006-04-27 08:00:00,67.10573,-59.96318,7.19591
20060361,2006-04-27 09:00:00,67.68552,-60.09104,7.14473
20060361,2006-04-27 10:00:00,68.28632,-60.08310,7.05596
20060361,2006-04-27 11:00:00,68.71718,-60.21399,6.83576
20060361,2006-04-27 12:00:00,69.12842,-60.33424,6.62975
20060361,2006-04-27 13:00:00,69.90954,-60.55773,6.61223
20060361,2006-04-27 14:00:00,70.83047,-60.79879,6.67665
20060361,2006-04-27 15:00:00,71.76000,-61.02465,6.82119
20060361,2006-04-27 16:00:00,72.45612,-61.17384,6.92107
20060361,2006-04-27 17:00:00,72.71972,-61.22454,6.84831
20060361,2006-04-27 18:00:00,72.79822,-61.23661,6.71510
20060361,2006-04-27 19:00:00,73.21767,-61.35708,6.69551
20060361,2006-04-27 20:00:00,73.85075,-61.55085,6.77976
20060361,2006-04-27 21:00:00,74.36187,-61.68193,6.77165
20060361,2006-04-27 22:00:00,74.86912,-61.92716,6.69769
20060361,2006-04-27 23:00:00,75.24400,-62.00936,6.70241
20060361,2006-04-28 00:00:00,75.78252,-62.09682,6.82039
20060361,2006-04-28 01:00:00,76.27434,-62.17738,6.91190
20060361,2006-04-28 02:00:00,76.72758,-62.27502,6.98536
20060361,2006-04-28 03:00:00,77.15698,-62.37579,7.04507
20060361,2006-04-28 04:00:00,77.52773,-62.46541,7.08014
20060361,2006-04-28 05:00:00,77.88809,-62.52649,7.07729
20060361,2006-04-28 06:00:00,78.21732,-62.57727,7.05998
20060361,2006-04-28 07:00:00,78.50201,-62.61652,7.05002
20060361,2006-04-28 08:00:00,78.76848,-62.65728,7.05643
20060361,2006-04-28 09:00:00,79.00424,-62.69793,7.00935
20060361,2006-04-28 10:00:00,79.19888,-62.83355,6.90304
20060361,2006-04-28 11:00:00,79.46336,-62.89217,6.85438
20060361,2006-04-28 12:00:00,79.68918,-62.95762,6.77497
20060361,2006-04-28 13:00:00,79.89868,-63.02525,6.67179
20060361,2006-04-28 14:00:00,80.12994,-63.06818,6.59174
20060361,2006-04-28 15:00:00,80.35419,-63.09901,6.47381
20060361,2006-04-28 16:00:00,80.55517,-63.13139,6.33653
20060361,2006-04-28 17:00:00,80.76022,-63.17255,6.19815
20060361,2006-04-28 18:00:00,80.92600,-63.23227,6.02276
20060361,2006-04-28 19:00:00,81.09264,-63.30555,5.88418
20060361,2006-04-28 20:00:00,81.32231,-63.38389,5.76369
20060361,2006-04-28 21:00:00,81.52842,-63.44839,5.65825
20060361,2006-04-28 22:00:00,81.50124,-63.62583,5.60985
20060361,2006-04-28 23:00:00,81.66522,-63.68031,5.50463
20060361,2006-04-29 00:00:00,81.75645,-63.72883,5.39652
20060361,2006-04-29 01:00:00,81.88061,-63.78314,5.26728
20060361,2006-04-29 02:00:00,82.10712,-63.80614,5.12909
20060361,2006-04-29 03:00:00,82.29970,-63.82944,4.99001
20060361,2006-04-29 04:00:00,82.44240,-63.84713,4.87229
20060361,2006-04-29 05:00:00,82.53946,-63.85264,4.75828
20060361,2006-04-29 06:00:00,82.62663,-63.85402,4.68747
20060361,2006-04-29 07:00:00,82.71869,-63.85795,4.62875
20060361,2006-04-29 08:00:00,82.83452,-63.86012,4.62514
20060361,2006-04-29 09:00:00,82.95786,-63.87565,4.61283
20060361,2006-04-29 10:00:00,83.04145,-63.84618,4.43769
20060361,2006-04-29 11:00:00,83.13522,-63.85812,4.38686
20060361,2006-04-29 12:00:00,83.30367,-63.89670,4.29743
20060361,2006-04-29 13:00:00,83.58772,-63.94206,4.21277
20060361,2006-04-29 14:00:00,83.87304,-64.01976,4.08829
20060361,2006-04-29 15:00:00,84.18193,-64.10630,3.97534
20060361,2006-04-29 16:00:00,84.49292,-64.19612,3.86095
20060361,2006-04-29 17:00:00,84.66939,-64.28893,3.71125
20060361,2006-04-29 18:00:00,84.73729,-64.34608,3.56079
20060361,2006-04-29 19:00:00,84.74513,-64.40517,3.42613
20060361,2006-04-29 20:00:00,84.64156,-64.46130,3.25238
20060361,2006-04-29 21:00:00,84.55934,-64.52202,3.07304
20060361,2006-04-29 22:00:00,85.03284,-64.42558,2.72445
20060361,2006-04-29 23:00:00,84.92724,-64.39020,2.51656
20060361,2006-04-30 00:00:00,84.60712,-64.35407,2.35888
20060361,2006-04-30 01:00:00,84.03243,-64.33944,2.26721
20060361,2006-04-30 02:00:00,83.16972,-64.44367,2.20310
20060361,2006-04-30 03:00:00,82.25991,-64.56042,2.20381
20060361,2006-04-30 04:00:00,81.31462,-64.64954,2.23076
20060361,2006-04-30 05:00:00,80.49116,-64.77824,2.23402
20060361,2006-04-30 06:00:00,80.00028,-64.88243,2.26283
20060361,2006-04-30 07:00:00,79.72257,-64.97834,2.29010
20060361,2006-04-30 08:00:00,79.64197,-65.01907,2.34549
20060361,2006-04-30 09:00:00,79.57503,-65.04325,2.40920
20060361,2006-04-30 10:00:00,78.96141,-65.16784,2.36563
20060361,2006-04-30 11:00:00,78.99053,-65.11616,2.47088
20060361,2006-04-30 12:00:00,78.95264,-65.05577,2.58034
20060361,2006-04-30 13:00:00,78.91311,-64.97713,2.71275
20060361,2006-04-30 14:00:00,78.98537,-64.90962,2.84720
20060361,2006-04-30 15:00:00,79.18274,-64.84468,2.99635
20060361,2006-04-30 16:00:00,79.58631,-64.78529,3.08766
20060361,2006-04-30 17:00:00,80.09109,-64.71602,3.17188
20060361,2006-04-30 18:00:00,80.57022,-64.61234,3.24593
20060361,2006-04-30 19:00:00,81.04162,-64.50326,3.26803
20060361,2006-04-30 20:00:00,81.42635,-64.37531,3.22895
20060361,2006-04-30 21:00:00,81.69315,-64.21223,3.20577
20060361,2006-04-30 22:00:00,81.93849,-63.97598,3.11515
20060361,2006-04-30 23:00:00,82.02896,-63.75412,3.16449
20060362,2006-04-21 23:00:00,25.36577,-41.52380,3.84470
20060362,2006-04-22 00:00:00,26.51860,-41.93850,3.77538
20060362,2006-04-22 01:00:00,28.04521,-42.54992,3.73647
20060362,2006-04-22 02:00:00,29.49849,-43.22467,3.60973
20060362,2006-04-22 03:00:00,30.98828,-43.93613,3.57122
20060362,2006-04-22 04:00:00,32.30968,-44.56863,3.51130
20060362,2006-04-22 05:00:00,33.38640,-45.08348,3.49934
20060362,2006-04-22 06:00:00,34.55551,-45.55939,3.50842
20060362,2006-04-22 07:00:00,35.78115,-46.01279,3.51139
20060362,2006-04-22 08:00:00,36.60563,-46.30548,3.36757
20060362,2006-04-22 09:00:00,37.72301,-46.67995,3.50968
20060362,2006-04-22 10:00:00,37.29522,-46.80592,3.30194
20060362,2006-04-22 11:00:00,38.50522,-47.24870,3.40893
20060362,2006-04-22 12:00:00,39.65694,-47.67109,3.41385
20060362,2006-04-22 13:00:00,40.81667,-48.07396,3.43820
20060362,2006-04-22 14:00:00,41.83357,-48.38674,3.42689
20060362,2006-04-22 15:00:00,42.58009,-48.63116,3.44192
20060362,2006-04-22 16:00:00,43.32971,-48.83795,3.37280
20060362,2006-04-22 17:00:00,44.00067,-49.00165,3.30630
20060362,2006-04-22 18:00:00,44.27874,-49.19549,3.11918
20060362,2006-04-22 19:00:00,44.09009,-49.46207,2.94234
20060362,2006-04-22 20:00:00,44.25624,-49.63824,2.87728
20060362,2006-04-22 21:00:00,43.86483,-49.94760,2.73994
20060362,2006-04-22 22:00:00,44.40411,-50.66743,3.10028
20060362,2006-04-22 23:00:00,45.15772,-51.07686,3.09221
20060362,2006-04-23 00:00:00,46.15949,-51.38952,3.17842
20060362,2006-04-23 01:00:00,47.21963,-51.67400,3.32508
20060362,2006-04-23 02:00:00,48.22152,-51.91952,3.49193
20060362,2006-04-23 03:00:00,49.04659,-52.18762,3.59730
20060362,2006-04-23 04:00:00,49.75184,-52.48602,3.62363
20060362,2006-04-23 05:00:00,50.25662,-52.78502,3.50161
20060362,2006-04-23 06:00:00,50.65519,-53.11135,3.32557
20060362,2006-04-23 07:00:00,51.09825,-53.36444,3.16073
20060362,2006-04-23 08:00:00,51.55531,-53.55599,2.98627
20060362,2006-04-23 09:00:00,52.06554,-53.64551,2.89027
20060362,2006-04-23 10:00:00,53.16590,-53.36187,3.27652
20060362,2006-04-23 11:00:00,53.82729,-53.44044,3.39468
20060362,2006-04-23 12:00:00,54.49675,-53.60359,3.49999
20060362,2006-04-23 13:00:00,54.56198,-53.87920,3.51270
20060363,2006-04-22 00:00:00,-172.82935,-59.80111,1.72771
20060363,2006-04-22 01:00:00,-171.34798,-59.85652,1.88668
20060363,2006-04-22 02:00:00,-169.89412,-59.87577,2.01670
20060363,2006-04-22 03:00:00,-168.49477,-59.81755,2.08650
20060363,2006-04-22 04:00:00,-167.05301,-59.70149,2.12978
20060363,2006-04-22 05:00:00,-165.58798,-59.47311,2.13097
20060363,2006-04-22 06:00:00,-164.11440,-59.16462,2.16333
20060363,2006-04-22 07:00:00,-162.60561,-58.78062,2.19609
20060363,2006-04-22 08:00:00,-161.10199,-58.39526,2.22982
20060363,2006-04-22 09:00:00,-159.60736,-58.04164,2.27938
20060363,2006-04-22 10:00:00,-157.59450,-57.79741,2.44543
20060363,2006-04-22 11:00:00,-156.33458,-57.54887,2.39554
20060363,2006-04-22 12:00:00,-155.05203,-57.19921,2.26157
20060363,2006-04-22 13:00:00,-153.70679,-56.79765,2.15782
20060363,2006-04-22 14:00:00,-152.31746,-56.38690,2.14107
20060363,2006-04-22 15:00:00,-150.86478,-55.89022,2.15764
20060363,2006-04-22 16:00:00,-149.52362,-55.41988,2.25737
20060363,2006-04-22 17:00:00,-148.11801,-54.96562,2.42436
20060363,2006-04-22 18:00:00,-146.87524,-54.58599,2.49508
20060363,2006-04-22 19:00:00,-145.67728,-54.18848,2.53408
20060363,2006-04-22 20:00:00,-144.23349,-53.73537,2.51572
20060363,2006-04-22 21:00:00,-142.82408,-53.23129,2.51145
20060363,2006-04-22 22:00:00,-141.41936,-52.71578,2.74340
20060363,2006-04-22 23:00:00,-140.11771,-52.28875,2.79925
20060363,2006-04-23 00:00:00,-138.91008,-51.93695,2.78199
20060363,2006-04-23 01:00:00,-137.73172,-51.59182,2.85081
20060363,2006-04-23 02:00:00,-136.65951,-51.25666,2.82284
20060363,2006-04-23 03:00:00,-135.65973,-50.88520,2.82196
20060363,2006-04-23 04:00:00,-134.57928,-50.45468,2.89684
20060363,2006-04-23 05:00:00,-133.51891,-50.05042,2.86292
20060363,2006-04-23 06:00:00,-132.56615,-49.76458,2.87248
20060363,2006-04-23 07:00:00,-131.38937,-49.52961,2.92086
20060363,2006-04-23 08:00:00,-130.31058,-49.35173,3.00542
20060363,2006-04-23 09:00:00,-129.21368,-49.24744,3.11213
20060363,2006-04-23 10:00:00,-128.03868,-49.47871,3.31788
20060363,2006-04-23 11:00:00,-126.83820,-49.56754,3.52721
20060363,2006-04-23 12:00:00,-125.87495,-49.53157,3.68107
20060363,2006-04-23 13:00:00,-124.98978,-49.39116,3.85024
20060363,2006-04-23 14:00:00,-124.06937,-49.27691,3.98473
20060363,2006-04-23 15:00:00,-123.14189,-49.13354,4.04760
20060363,2006-04-23 16:00:00,-122.07416,-49.01903,4.11749
20060363,2006-04-23 17:00:00,-120.99590,-48.93906,4.16538
20060363,2006-04-23 18:00:00,-119.79765,-48.92355,4.20150
20060363,2006-04-23 19:00:00,-118.50290,-48.96079,4.28404
20060363,2006-04-23 20:00:00,-117.21135,-49.05889,4.37280
20060363,2006-04-23 21:00:00,-115.93059,-49.24128,4.39302
20060363,2006-04-23 22:00:00,-114.44032,-49.53627,4.78501
20060363,2006-04-23 23:00:00,-113.25047,-49.82943,4.90711
20060363,2006-04-24 00:00:00,-112.24745,-50.00001,4.99724
20060363,2006-04-24 01:00:00,-111.25624,-50.14172,5.14222
20060363,2006-04-24 02:00:00,-110.29707,-50.31416,5.20678
20060363,2006-04-24 03:00:00,-109.33769,-50.52410,5.36975
20060363,2006-04-24 04:00:00,-108.40750,-50.80730,5.40415
20060363,2006-04-24 05:00:00,-107.46991,-51.06641,5.53716
20060363,2006-04-24 06:00:00,-106.52657,-51.27921,5.69370
20060363,2006-04-24 07:00:00,-105.59439,-51.47082,5.82113
20060363,2006-04-24 08:00:00,-104.65450,-51.66254,5.86282
20060363,2006-04-24 09:00:00,-103.77350,-51.85132,5.87085
20060363,2006-04-24 10:00:00,-102.83176,-52.32874,5.97143
20060363,2006-04-24 11:00:00,-102.06162,-52.63373,6.02804
20060363,2006-04-24 12:00:00,-101.28125,-52.94386,5.94896
20060363,2006-04-24 13:00:00,-100.47339,-53.22172,6.08331
20060363,2006-04-24 14:00:00,-99.70435,-53.47543,6.13686
20060363,2006-04-24 15:00:00,-98.91672,-53.72775,6.25074
20060363,2006-04-24 16:00:00,-98.18149,-53.94466,6.28720
20060363,2006-04-24 17:00:00,-97.42621,-54.19955,6.38616
20060363,2006-04-24 18:00:00,-96.70752,-54.46161,6.41844
20060363,2006-04-24 19:00:00,-96.00150,-54.75084,6.48112
20060363,2006-04-24 20:00:00,-95.30365,-55.01093,6.41345
20060363,2006-04-24 21:00:00,-94.52225,-55.34188,6.55880
20060363,2006-04-24 22:00:00,-93.56677,-55.76539,6.61156
20060363,2006-04-24 23:00:00,-92.82623,-56.09499,6.70558
20060363,2006-04-25 00:00:00,-92.11673,-56.37174,6.90355
20060363,2006-04-25 01:00:00,-91.43985,-56.62793,6.92958
20060363,2006-04-25 02:00:00,-90.74420,-56.89825,7.03473
20060363,2006-04-25 03:00:00,-90.04688,-57.12487,7.12625
20060363,2006-04-25 04:00:00,-89.28226,-57.32208,7.15022
20060363,2006-04-25 05:00:00,-88.51352,-57.57206,7.25661
20060363,2006-04-25 06:00:00,-87.75284,-57.79798,7.24413
20060363,2006-04-25 07:00:00,-86.98404,-58.05039,7.15835
20060363,2006-04-25 08:00:00,-86.21042,-58.32116,7.21965
20060363,2006-04-25 09:00:00,-85.55557,-58.53503,7.28397
20060363,2006-04-25 10:00:00,-85.13937,-58.77404,7.18738
20060363,2006-04-25 11:00:00,-84.69699,-58.92863,7.32956
20060363,2006-04-25 12:00:00,-84.15064,-59.13563,7.40183
20060363,2006-04-25 13:00:00,-83.57803,-59.32456,7.46110
20060363,2006-04-25 14:00:00,-83.01477,-59.47008,7.42678
20060363,2006-04-25 15:00:00,-82.41928,-59.59998,7.39386
20060363,2006-04-25 16:00:00,-81.82092,-59.70564,7.34747
20060363,2006-04-25 17:00:00,-81.29022,-59.81435,7.30389
20060363,2006-04-25 18:00:00,-80.84372,-59.93481,7.28110
20060363,2006-04-25 19:00:00,-80.43994,-60.07858,7.22979
20060363,2006-04-25 20:00:00,-80.06009,-60.19792,7.21769
20060363,2006-04-25 21:00:00,-79.68600,-60.28102,7.26102
20060363,2006-04-25 22:00:00,-79.46695,-60.37022,7.25103
20060363,2006-04-25 23:00:00,-79.09976,-60.39191,7.26457
20060363,2006-04-26 00:00:00,-78.62198,-60.45008,7.30601
20060363,2006-04-26 01:00:00,-78.05164,-60.52640,7.27134
20060363,2006-04-26 02:00:00,-77.49417,-60.55827,7.19914
20060363,2006-04-26 03:00:00,-77.00247,-60.58447,7.03894
20060363,2006-04-26 04:00:00,-76.51797,-60.61262,6.90839
20060363,2006-04-26 05:00:00,-76.04507,-60.63596,6.82503
20060363,2006-04-26 06:00:00,-75.60861,-60.65361,6.76781
20060363,2006-04-26 07:00:00,-75.15460,-60.67904,6.70690
20060363,2006-04-26 08:00:00,-74.72852,-60.68612,6.61928
20060363,2006-04-26 09:00:00,-74.27530,-60.69994,6.54964
20060363,2006-04-26 10:00:00,-73.84244,-60.62958,6.23368
20060363,2006-04-26 11:00:00,-73.32861,-60.62063,6.06042
20060363,2006-04-26 12:00:00,-72.69260,-60.61688,5.92571
20060363,2006-04-26 13:00:00,-72.00479,-60.59318,5.79782
20060363,2006-04-26 14:00:00,-71.32071,-60.57244,5.68961
20060363,2006-04-26 15:00:00,-70.68454,-60.55818,5.56335
20060363,2006-04-26 16:00:00,-70.07300,-60.54024,5.44093
20060363,2006-04-26 17:00:00,-69.51694,-60.50363,5.29890
20060363,2006-04-26 18:00:00,-68.91980,-60.47673,5.15824
20060363,2006-04-26 19:00:00,-68.27408,-60.43179,5.05038
20060363,2006-04-26 20:00:00,-67.61307,-60.39492,4.91228
20060363,2006-04-26 21:00:00,-66.88126,-60.29945,4.73994
20060363,2006-04-26 22:00:00,-66.19260,-60.18390,4.49986
20060363,2006-04-26 23:00:00,-65.44125,-60.08964,4.33733
20060363,2006-04-27 00:00:00,-64.63040,-59.97537,4.21447
20060363,2006-04-27 01:00:00,-63.77884,-59.84342,4.09953
20060363,2006-04-27 02:00:00,-62.91528,-59.71083,4.01363
20060363,2006-04-27 03:00:00,-62.08948,-59.56515,3.98081
20060363,2006-04-27 04:00:00,-61.23737,-59.41509,3.93333
20060363,2006-04-27 05:00:00,-60.41162,-59.27200,3.86130
20060363,2006-04-27 06:00:00,-59.58044,-59.12688,3.75622
20060363,2006-04-27 07:00:00,-58.77951,-58.97774,3.59463
20060363,2006-04-27 08:00:00,-57.90494,-58.78376,3.43696
20060363,2006-04-27 09:00:00,-57.06567,-58.59412,3.29785
20060363,2006-04-27 10:00:00,-56.59512,-58.56183,3.12596
20060363,2006-04-27 11:00:00,-55.92905,-58.46338,2.97175
20060363,2006-04-27 12:00:00,-55.20389,-58.36430,2.86230
20060363,2006-04-27 13:00:00,-54.46921,-58.31807,2.77827
20060363,2006-04-27 14:00:00,-53.73852,-58.33914,2.71878
20060363,2006-04-27 15:00:00,-53.03131,-58.40996,2.67786
20060363,2006-04-27 16:00:00,-52.40247,-58.51289,2.64223
20060364,2006-04-22 16:00:00,-98.55011,-42.64682,2.14718
20060364,2006-04-22 17:00:00,-97.33173,-43.09967,2.29978
20060364,2006-04-22 18:00:00,-96.19257,-43.53313,2.37706
20060364,2006-04-22 19:00:00,-95.01556,-43.86302,2.46937
20060364,2006-04-22 20:00:00,-93.79834,-44.29037,2.49336
20060364,2006-04-22 21:00:00,-92.51505,-44.66695,2.50821
20060364,2006-04-22 22:00:00,-90.89447,-45.14012,3.15092
20060364,2006-04-22 23:00:00,-89.34952,-45.54393,3.25946
20060364,2006-04-23 00:00:00,-87.80618,-45.94364,3.36021
20060364,2006-04-23 01:00:00,-86.35452,-46.26344,3.55596
20060364,2006-04-23 02:00:00,-85.11777,-46.52987,3.72869
20060364,2006-04-23 03:00:00,-84.04895,-46.75419,3.97890
20060364,2006-04-23 04:00:00,-83.18747,-46.98978,4.06550
20060364,2006-04-23 05:00:00,-82.32080,-47.18712,4.19814
20060364,2006-04-23 06:00:00,-81.53308,-47.38023,4.16486
20060364,2006-04-23 07:00:00,-80.73001,-47.57510,4.09845
20060364,2006-04-23 08:00:00,-79.82385,-47.69020,3.93622
20060364,2006-04-23 09:00:00,-78.85751,-47.78656,3.79155
20060364,2006-04-23 10:00:00,-77.35214,-47.79234,3.91794
20060364,2006-04-23 11:00:00,-76.07614,-47.78335,3.74758
20060364,2006-04-23 12:00:00,-74.86383,-47.75278,3.67712
20060364,2006-04-23 13:00:00,-73.87198,-47.78020,3.56097
20060364,2006-04-23 14:00:00,-73.07437,-47.93020,3.37334
20060364,2006-04-23 15:00:00,-72.28171,-48.09063,3.13211
20060364,2006-04-23 16:00:00,-71.43088,-48.36962,2.56545
20060364,2006-04-23 17:00:00,-70.34998,-48.69250,1.94176
20060364,2006-04-23 18:00:00,-68.84189,-48.77372,1.51200
20060364,2006-04-23 19:00:00,-66.69019,-47.67880,1.21966
20060364,2006-04-23 20:00:00,-65.01828,-46.86040,1.34387
20060364,2006-04-23 21:00:00,-63.96146,-46.44913,1.61415
20060364,2006-04-23 22:00:00,-63.08142,-46.14542,2.00690
20060364,2006-04-23 23:00:00,-62.41476,-45.94141,2.23784
20060364,2006-04-24 00:00:00,-61.86798,-45.72213,2.30596
20060364,2006-04-24 01:00:00,-61.37125,-45.49348,2.22716
20060364,2006-04-24 02:00:00,-60.93835,-45.28079,2.13203
20060364,2006-04-24 03:00:00,-60.58994,-45.02849,1.89914
20060364,2006-04-24 04:00:00,-60.14444,-44.73815,1.63601
20060364,2006-04-24 05:00:00,-59.70459,-44.45135,1.36920
20060364,2006-04-24 06:00:00,-59.29459,-44.20031,1.19016
20060365,2006-04-22 19:00:00,22.68542,-24.56202,1.19327
20060365,2006-04-22 20:00:00,23.14346,-24.47120,1.34404
20060365,2006-04-22 21:00:00,23.66325,-24.48396,1.48594
20060365,2006-04-22 22:00:00,24.85197,-24.58480,1.60618
20060365,2006-04-22 23:00:00,24.53530,-24.30112,1.85871
20060365,2006-04-23 00:00:00,24.55422,-24.09094,2.11980
20060365,2006-04-23 01:00:00,24.67970,-24.03151,2.28925
20060365,2006-04-23 02:00:00,24.73121,-23.96473,2.37586
20060365,2006-04-23 03:00:00,24.82962,-23.85967,2.56208
20060365,2006-04-23 04:00:00,24.92358,-23.72595,2.66192
20060365,2006-04-23 05:00:00,25.05083,-23.68261,2.70967
20060365,2006-04-23 06:00:00,25.03549,-23.72903,2.63750
20060365,2006-04-23 07:00:00,25.14765,-23.83600,2.41736
20060365,2006-04-23 08:00:00,25.69603,-24.24906,2.27926
20060365,2006-04-23 09:00:00,25.85981,-24.64002,2.05666
20060365,2006-04-23 10:00:00,26.28258,-25.21338,1.81827
20060365,2006-04-23 11:00:00,26.35130,-25.40327,1.69848
20060365,2006-04-23 12:00:00,26.64293,-25.51716,1.68240
20060365,2006-04-23 13:00:00,27.30268,-25.53610,1.90155
20060365,2006-04-23 14:00:00,27.97708,-25.74926,2.15365
20060365,2006-04-23 15:00:00,28.38582,-25.76224,2.42805
20060365,2006-04-23 16:00:00,28.57129,-25.56119,2.67954
20060365,2006-04-23 17:00:00,28.90050,-25.51237,2.76225
20060365,2006-04-23 18:00:00,29.30428,-25.44448,2.76419
20060365,2006-04-23 19:00:00,29.71852,-25.35262,2.66284
20060366,2006-04-23 05:00:00,-50.61185,-39.80677,3.98824
20060366,2006-04-23 06:00:00,-49.83060,-39.17209,4.33314
20060366,2006-04-23 07:00:00,-49.15064,-38.76696,4.56728
20060366,2006-04-23 08:00:00,-48.44800,-38.37931,4.86631
20060366,2006-04-23 09:00:00,-47.80456,-38.02079,5.09748
20060366,2006-04-23 10:00:00,-47.02548,-37.93586,5.36016
20060366,2006-04-23 11:00:00,-46.33273,-37.59072,5.49746
20060366,2006-04-23 12:00:00,-45.52734,-37.29802,5.57911
20060366,2006-04-23 13:00:00,-44.75354,-36.98284,5.70145
20060366,2006-04-23 14:00:00,-43.96890,-36.74901,5.82486
20060366,2006-04-23 15:00:00,-43.12067,-36.62272,5.81598
20060366,2006-04-23 16:00:00,-42.33392,-36.50030,5.88913
20060366,2006-04-23 17:00:00,-41.56457,-36.31146,5.90309
20060366,2006-04-23 18:00:00,-40.84241,-36.16974,5.82290
20060366,2006-04-23 19:00:00,-40.05515,-35.95746,5.79422
20060366,2006-04-23 20:00:00,-39.21594,-35.95478,5.67424
20060366,2006-04-23 21:00:00,-38.33548,-35.82263,5.72394
20060366,2006-04-23 22:00:00,-37.33850,-35.95955,5.60029
20060366,2006-04-23 23:00:00,-36.43378,-35.90020,5.64810
20060366,2006-04-24 00:00:00,-35.60175,-36.11698,5.61848
20060366,2006-04-24 01:00:00,-34.80045,-36.30492,5.60898
20060366,2006-04-24 02:00:00,-34.02194,-36.57455,5.56129
20060366,2006-04-24 03:00:00,-33.32220,-36.76834,5.52522
20060366,2006-04-24 04:00:00,-32.58905,-37.20978,5.46569
20060366,2006-04-24 05:00:00,-31.77264,-37.51668,5.51581
20060366,2006-04-24 06:00:00,-30.93323,-37.85236,5.51235
20060366,2006-04-24 07:00:00,-30.15964,-38.34520,5.53896
20060366,2006-04-24 08:00:00,-29.43204,-38.94023,5.56984
20060366,2006-04-24 09:00:00,-28.72849,-39.53699,5.57385
20060366,2006-04-24 10:00:00,-27.85400,-40.38493,6.16484
20060366,2006-04-24 11:00:00,-27.32834,-41.18888,6.14751
20060366,2006-04-24 12:00:00,-26.91788,-41.99926,6.02941
20060366,2006-04-24 13:00:00,-26.63098,-42.78144,5.96599
20060366,2006-04-24 14:00:00,-26.41000,-43.51012,5.91086
20060366,2006-04-24 15:00:00,-26.43497,-44.36213,5.89398
20060366,2006-04-24 16:00:00,-26.34424,-45.11316,5.86321
20060366,2006-04-24 17:00:00,-26.17429,-45.73680,5.83112
20060366,2006-04-24 18:00:00,-26.00433,-46.42754,5.81902
20060366,2006-04-24 19:00:00,-25.95459,-47.22965,5.82113
20060366,2006-04-24 20:00:00,-26.00183,-48.05484,5.90858
20060366,2006-04-24 21:00:00,-26.04968,-48.70891,6.05974
20060366,2006-04-24 22:00:00,-25.80807,-49.11675,6.53536
20060366,2006-04-24 23:00:00,-25.92255,-49.56321,6.62378
20060366,2006-04-25 00:00:00,-26.02292,-49.98870,6.81089
20060366,2006-04-25 01:00:00,-26.30737,-50.37182,6.88368
20060366,2006-04-25 02:00:00,-26.52591,-50.67912,7.01584
20060366,2006-04-25 03:00:00,-26.93512,-50.87634,6.96873
20060366,2006-04-25 04:00:00,-27.15652,-51.05783,7.10055
20060366,2006-04-25 05:00:00,-27.78842,-51.15501,7.22778
20060366,2006-04-25 06:00:00,-28.34265,-51.21746,7.28186
20060366,2006-04-25 07:00:00,-28.61530,-51.27907,7.41443
20060366,2006-04-25 08:00:00,-28.75653,-51.34147,7.51511
20060366,2006-04-25 09:00:00,-28.78217,-51.38428,7.55444
20060366,2006-04-25 10:00:00,-28.37100,-51.39020,7.36395
20060366,2006-04-25 11:00:00,-28.48203,-51.35267,7.46628
20060366,2006-04-25 12:00:00,-28.65775,-51.31987,7.54207
20060366,2006-04-25 13:00:00,-28.96283,-51.27438,7.64621
20060366,2006-04-25 14:00:00,-29.22363,-51.26257,7.70396
20060366,2006-04-25 15:00:00,-29.44144,-51.26436,7.74916
20060366,2006-04-25 16:00:00,-29.55356,-51.27549,7.80729
20060366,2006-04-25 17:00:00,-29.57877,-51.29943,7.86009
20060366,2006-04-25 18:00:00,-29.58954,-51.32797,7.91019
20060366,2006-04-25 19:00:00,-29.67248,-51.32406,7.95042
20060366,2006-04-25 20:00:00,-29.78989,-51.29288,7.96546
20060366,2006-04-25 21:00:00,-29.97318,-51.25579,7.92938
20060366,2006-04-25 22:00:00,-30.16681,-51.22448,7.71220
20060366,2006-04-25 23:00:00,-30.45770,-51.17697,7.60381
20060366,2006-04-26 00:00:00,-30.84790,-51.12815,7.53450
20060366,2006-04-26 01:00:00,-31.28354,-51.08979,7.47941
20060366,2006-04-26 02:00:00,-31.66006,-51.06345,7.48581
20060366,2006-04-26 03:00:00,-32.02747,-51.02528,7.47493
20060366,2006-04-26 04:00:00,-32.26312,-50.95650,7.47039
20060366,2006-04-26 05:00:00,-32.47101,-50.82869,7.48537
20060366,2006-04-26 06:00:00,-32.62653,-50.67182,7.44572
20060366,2006-04-26 07:00:00,-32.74774,-50.49531,7.40851
20060366,2006-04-26 08:00:00,-32.86786,-50.30265,7.35722
20060366,2006-04-26 09:00:00,-32.92624,-50.10707,7.37236
20060366,2006-04-26 10:00:00,-32.80365,-49.90130,7.38152
20060366,2006-04-26 11:00:00,-32.76773,-49.72691,7.36488
20060366,2006-04-26 12:00:00,-32.71967,-49.55152,7.32919
20060366,2006-04-26 13:00:00,-32.62234,-49.38186,7.29467
20060366,2006-04-26 14:00:00,-32.50391,-49.22612,7.30960
20060366,2006-04-26 15:00:00,-32.33798,-49.07912,7.30239
20060366,2006-04-26 16:00:00,-32.11057,-48.95493,7.21094
20060366,2006-04-26 17:00:00,-31.86765,-48.81532,7.15136
20060366,2006-04-26 18:00:00,-31.62552,-48.69621,7.03369
20060366,2006-04-26 19:00:00,-31.39694,-48.56795,6.96601
20060366,2006-04-26 20:00:00,-31.16779,-48.40984,6.85776
20060366,2006-04-26 21:00:00,-30.94177,-48.23341,6.74631
20060366,2006-04-26 22:00:00,-30.64423,-48.06916,6.60002
20060366,2006-04-26 23:00:00,-30.31607,-47.87270,6.49700
20060366,2006-04-27 00:00:00,-29.94528,-47.73449,6.41241
20060366,2006-04-27 01:00:00,-29.60529,-47.65389,6.35812
20060366,2006-04-27 02:00:00,-29.28381,-47.60607,6.32264
20060366,2006-04-27 03:00:00,-28.95157,-47.54793,6.27921
20060366,2006-04-27 04:00:00,-28.58752,-47.49303,6.19952
20060366,2006-04-27 05:00:00,-28.18487,-47.44442,6.07655
20060366,2006-04-27 06:00:00,-27.76205,-47.40711,5.93579
20060366,2006-04-27 07:00:00,-27.40036,-47.33689,5.86738
20060366,2006-04-27 08:00:00,-27.05295,-47.26860,5.77231
20060366,2006-04-27 09:00:00,-26.72107,-47.23429,5.67770
20060366,2006-04-27 10:00:00,-26.47485,-47.08425,5.59646
20060366,2006-04-27 11:00:00,-26.06448,-47.10759,5.52571
20060366,2006-04-27 12:00:00,-25.62592,-47.14130,5.43269
20060366,2006-04-27 13:00:00,-25.18335,-47.17719,5.34008
20060366,2006-04-27 14:00:00,-24.80472,-47.21292,5.22467
20060366,2006-04-27 15:00:00,-24.40512,-47.26092,5.11767
20060366,2006-04-27 16:00:00,-24.06250,-47.31690,4.97433
20060366,2006-04-27 17:00:00,-23.76050,-47.41595,4.77526
20060366,2006-04-27 18:00:00,-23.47672,-47.53685,4.56762
20060366,2006-04-27 19:00:00,-23.19135,-47.65426,4.36206
20060366,2006-04-27 20:00:00,-22.97272,-47.81337,4.16106
20060366,2006-04-27 21:00:00,-22.75595,-47.95617,3.98170
20060366,2006-04-27 22:00:00,-22.52191,-48.16537,4.01684
20060366,2006-04-27 23:00:00,-22.29288,-48.27502,3.84820
20060366,2006-04-28 00:00:00,-22.05273,-48.37503,3.66694
20060366,2006-04-28 01:00:00,-21.81680,-48.49533,3.50128
20060366,2006-04-28 02:00:00,-21.62048,-48.63057,3.32410
20060366,2006-04-28 03:00:00,-21.41214,-48.75740,3.17861
20060366,2006-04-28 04:00:00,-21.20157,-48.92946,2.96755
20060366,2006-04-28 05:00:00,-20.94745,-49.08010,2.78049
20060366,2006-04-28 06:00:00,-20.76209,-49.26771,2.56859
20060366,2006-04-28 07:00:00,-20.58261,-49.50591,2.32921
20060366,2006-04-28 08:00:00,-20.56784,-49.81008,2.13711
20060366,2006-04-28 09:00:00,-20.63895,-50.17297,1.93498
20060366,2006-04-28 10:00:00,-20.03418,-50.25819,1.72215
20060366,2006-04-28 11:00:00,-20.12802,-50.66690,1.55720
20060366,2006-04-28 12:00:00,-20.40591,-51.11911,1.39338
20060366,2006-04-28 13:00:00,-20.78690,-51.52976,1.27068
20060367,2006-04-23 15:00:00,-127.56810,-25.72590,3.81856
20060367,2006-04-23 16:00:00,-126.37028,-26.15844,3.92714
20060367,2006-04-23 17:00:00,-124.66641,-26.69655,3.99033
20060367,2006-04-23 18:00:00,-124.27472,-26.84272,4.03887
20060367,2006-04-23 19:00:00,-123.31699,-27.11616,4.15942
20060367,2006-04-23 20:00:00,-122.83655,-27.26144,4.21133
20060367,2006-04-23 21:00:00,-121.89737,-27.68264,4.45092
20060367,2006-04-23 22:00:00,-121.94972,-27.44353,4.04692
20060367,2006-04-23 23:00:00,-121.71100,-27.46003,4.19022
20060367,2006-04-24 00:00:00,-120.91461,-27.80921,4.11532
20060367,2006-04-24 01:00:00,-120.29892,-28.02316,4.21821
20060367,2006-04-24 02:00:00,-119.90942,-28.15602,4.23578
20060367,2006-04-24 03:00:00,-119.27783,-28.39180,4.26948
20060367,2006-04-24 04:00:00,-118.56761,-28.64007,4.34472
20060367,2006-04-24 05:00:00,-117.83978,-28.98464,4.49582
20060367,2006-04-24 06:00:00,-117.46343,-29.15005,4.94507
20060367,2006-04-24 07:00:00,-117.06313,-29.32557,4.72637
20060367,2006-04-24 08:00:00,-116.17500,-29.73527,4.90578
20060367,2006-04-24 09:00:00,-115.87413,-29.84176,4.77944
20060367,2006-04-24 10:00:00,-115.61014,-29.88974,4.88426
20060367,2006-04-24 11:00:00,-115.01155,-30.18555,5.09026
20060367,2006-04-24 12:00:00,-114.24625,-30.63217,4.73197
20060367,2006-04-24 13:00:00,-113.56239,-30.92424,5.04928
20060367,2006-04-24 14:00:00,-112.88251,-31.21653,4.99891
20060367,2006-04-24 15:00:00,-112.63870,-31.21658,5.09596
20060367,2006-04-24 16:00:00,-111.73254,-31.75380,5.02613
20060367,2006-04-24 17:00:00,-111.11025,-32.06699,5.04108
20060367,2006-04-24 18:00:00,-110.45001,-32.42188,4.93898
20060367,2006-04-24 19:00:00,-109.62145,-33.00774,4.97360
20060367,2006-04-24 20:00:00,-108.62578,-33.78051,5.15050
20060367,2006-04-24 21:00:00,-107.62950,-34.45116,5.13879
20060367,2006-04-24 22:00:00,-107.99004,-33.67368,4.31133
20060367,2006-04-24 23:00:00,-106.70950,-34.57743,4.50440
20060367,2006-04-25 00:00:00,-105.93846,-34.98860,4.72528
20060367,2006-04-25 01:00:00,-104.72632,-35.72805,4.98228
20060367,2006-04-25 02:00:00,-104.07776,-36.04797,5.36230
20060367,2006-04-25 03:00:00,-103.06845,-36.67093,5.48725
20060367,2006-04-25 04:00:00,-102.19855,-37.09431,5.58530
20060367,2006-04-25 05:00:00,-101.37183,-37.47863,5.79230
20060367,2006-04-25 06:00:00,-100.60294,-37.80515,5.69903
20060367,2006-04-25 07:00:00,-99.83920,-38.13216,5.61124
20060367,2006-04-25 08:00:00,-98.63696,-38.74162,5.56426
20060367,2006-04-25 09:00:00,-97.83347,-39.09709,5.45649
20060367,2006-04-25 10:00:00,-96.07696,-39.98244,5.37359
20060367,2006-04-25 11:00:00,-95.30963,-40.26699,5.29520
20060367,2006-04-25 12:00:00,-93.81061,-40.88940,5.38988
20060367,2006-04-25 13:00:00,-92.99899,-41.17105,5.31751
20060367,2006-04-25 14:00:00,-91.97183,-41.56453,5.37222
20060367,2006-04-25 15:00:00,-90.94492,-41.98834,5.36711
20060367,2006-04-25 16:00:00,-89.90579,-42.36961,5.44622
20060367,2006-04-25 17:00:00,-88.85095,-42.73625,5.52398
20060367,2006-04-25 18:00:00,-87.85703,-43.05203,5.49619
20060367,2006-04-25 19:00:00,-86.71228,-43.44612,5.62515
20060367,2006-04-25 20:00:00,-85.65140,-43.76758,5.64599
20060367,2006-04-25 21:00:00,-84.74393,-44.02729,5.65754
20060367,2006-04-25 22:00:00,-83.56216,-44.34360,6.14823
20060367,2006-04-25 23:00:00,-82.69430,-44.56780,6.13621
20060367,2006-04-26 00:00:00,-81.90149,-44.75378,6.03424
20060367,2006-04-26 01:00:00,-81.05472,-44.93307,5.96889
20060367,2006-04-26 02:00:00,-80.22177,-45.08324,5.86165
20060367,2006-04-26 03:00:00,-79.35767,-45.23179,5.71794
20060367,2006-04-26 04:00:00,-78.48465,-45.35272,5.54128
20060367,2006-04-26 05:00:00,-77.66406,-45.40695,5.20801
20060367,2006-04-26 06:00:00,-76.64096,-45.57638,4.97074
20060367,2006-04-26 07:00:00,-75.65274,-45.74494,4.82748
20060367,2006-04-26 08:00:00,-74.57892,-45.92104,4.69148
20060367,2006-04-26 09:00:00,-73.63727,-46.03965,4.44191
20060367,2006-04-26 10:00:00,-72.43674,-45.99660,3.87466
20060368,2006-04-23 19:00:00,-25.38776,-52.61581,2.15386
20060368,2006-04-23 20:00:00,-24.45389,-52.97843,2.28217
20060368,2006-04-23 21:00:00,-23.93707,-53.30183,2.38019
20060368,2006-04-23 22:00:00,-21.86697,-53.09476,2.64029
20060368,2006-04-23 23:00:00,-20.83472,-53.24012,2.74735
20060368,2006-04-24 00:00:00,-19.67648,-53.31782,2.78197
20060368,2006-04-24 01:00:00,-18.58597,-53.36697,2.80653
20060368,2006-04-24 02:00:00,-17.18222,-53.24205,2.81917
20060368,2006-04-24 03:00:00,-16.04120,-53.22088,2.80503
20060368,2006-04-24 04:00:00,-15.10889,-53.32276,2.79847
20060368,2006-04-24 05:00:00,-14.62057,-53.65431,2.75467
20060368,2006-04-24 06:00:00,-14.10748,-53.98218,2.68807
20060368,2006-04-24 07:00:00,-13.18713,-54.14902,2.65056
20060368,2006-04-24 08:00:00,-11.81015,-54.17927,2.61180
20060368,2006-04-24 09:00:00,-9.98895,-54.07020,2.62484
20060368,2006-04-24 10:00:00,-7.04980,-53.75929,3.44747
20060368,2006-04-24 11:00:00,-5.61539,-53.68800,3.60847
20060368,2006-04-24 12:00:00,-4.24973,-53.58738,3.75747
20060368,2006-04-24 13:00:00,-2.97189,-53.45981,3.88179
20060368,2006-04-24 14:00:00,-1.65689,-53.36152,3.92957
20060368,2006-04-24 15:00:00,-0.31784,-53.30228,3.92301
20060368,2006-04-24 16:00:00,1.09670,-53.23726,3.92605
20060368,2006-04-24 17:00:00,2.54719,-53.24037,3.98739
20060368,2006-04-24 18:00:00,3.93547,-53.30166,4.09679
20060368,2006-04-24 19:00:00,5.34969,-53.35767,4.20961
20060368,2006-04-24 20:00:00,6.71041,-53.43132,4.34225
20060368,2006-04-24 21:00:00,8.03580,-53.50592,4.54702
20060368,2006-04-24 22:00:00,9.74924,-52.80349,4.69799
20060368,2006-04-24 23:00:00,11.00692,-52.76801,4.75772
20060368,2006-04-25 00:00:00,12.29472,-52.67267,4.74317
20060368,2006-04-25 01:00:00,13.71465,-52.52707,4.72120
20060368,2006-04-25 02:00:00,15.20172,-52.31270,4.70120
20060368,2006-04-25 03:00:00,16.60655,-52.17474,4.75041
20060368,2006-04-25 04:00:00,17.94860,-52.02238,4.80547
20060368,2006-04-25 05:00:00,19.13386,-51.91028,4.86333
20060368,2006-04-25 06:00:00,20.24389,-51.77275,4.92842
20060368,2006-04-25 07:00:00,21.26456,-51.69200,4.91897
20060368,2006-04-25 08:00:00,22.31096,-51.59271,4.92951
20060368,2006-04-25 09:00:00,23.37155,-51.55775,4.87084
20060368,2006-04-25 10:00:00,24.71467,-50.13573,5.08218
20060368,2006-04-25 11:00:00,25.84892,-50.21082,5.02466
20060368,2006-04-25 12:00:00,26.98595,-50.51619,4.86340
20060369,2006-04-24 10:00:00,-127.07632,-38.79765,1.45833
20060369,2006-04-24 11:00:00,-127.03516,-38.51436,1.63606
20060369,2006-04-24 12:00:00,-126.80782,-38.39960,1.78897
20060369,2006-04-24 13:00:00,-126.64067,-38.24833,1.91167
20060369,2006-04-24 14:00:00,-126.41919,-38.00862,2.06674
20060369,2006-04-24 15:00:00,-126.12579,-37.85926,2.14830
20060369,2006-04-24 16:00:00,-125.78903,-37.71341,2.21235
20060369,2006-04-24 17:00:00,-125.54933,-37.50390,2.33542
20060369,2006-04-24 18:00:00,-125.40147,-37.16721,2.42178
20060369,2006-04-24 19:00:00,-125.12265,-36.84047,2.48733
20060369,2006-04-24 20:00:00,-124.93610,-36.46296,2.58631
20060369,2006-04-24 21:00:00,-124.64240,-36.20163,2.75899
20060369,2006-04-24 22:00:00,-124.09070,-35.89723,2.88137
20060369,2006-04-24 23:00:00,-123.78330,-35.70234,3.03384
20060369,2006-04-25 00:00:00,-123.38847,-35.61593,3.10119
20060369,2006-04-25 01:00:00,-123.08993,-35.43835,3.22620
20060369,2006-04-25 02:00:00,-122.69282,-35.35850,3.26071
20060369,2006-04-25 03:00:00,-122.38406,-35.22171,3.36314
20060369,2006-04-25 04:00:00,-121.96991,-35.09556,3.39723
20060369,2006-04-25 05:00:00,-121.72463,-34.85135,3.45140
20060369,2006-04-25 06:00:00,-121.38004,-34.66758,3.52449
20060369,2006-04-25 07:00:00,-121.03242,-34.52710,3.50287
20060369,2006-04-25 08:00:00,-120.73613,-34.26687,3.43077
20060369,2006-04-25 09:00:00,-120.35724,-34.09722,3.39483
20060369,2006-04-25 10:00:00,-119.61397,-34.16785,3.39424
20060369,2006-04-25 11:00:00,-119.10419,-34.06763,3.32915
20060369,2006-04-25 12:00:00,-118.66467,-33.89555,3.32687
20060369,2006-04-25 13:00:00,-118.18896,-33.79623,3.26835
20060369,2006-04-25 14:00:00,-117.67317,-33.71868,3.25572
20060369,2006-04-25 15:00:00,-117.17290,-33.63009,3.25557
20060369,2006-04-25 16:00:00,-116.58112,-33.60176,3.20850
20060369,2006-04-25 17:00:00,-116.08061,-33.53146,3.18650
20060369,2006-04-25 18:00:00,-115.63156,-33.44333,3.16063
20060369,2006-04-25 19:00:00,-115.17633,-33.35870,3.09212
20060369,2006-04-25 20:00:00,-114.67218,-33.30272,2.97224
20060369,2006-04-25 21:00:00,-114.02225,-33.28326,2.92846
20060369,2006-04-25 22:00:00,-112.96602,-33.15194,3.06402
20060369,2006-04-25 23:00:00,-112.19981,-33.25718,2.92286
20060369,2006-04-26 00:00:00,-111.54269,-33.37791,2.89831
20060369,2006-04-26 01:00:00,-110.64745,-33.45473,2.90063
20060369,2006-04-26 02:00:00,-109.84666,-33.45526,2.96124
20060369,2006-04-26 03:00:00,-109.19896,-33.47817,3.01686
20060369,2006-04-26 04:00:00,-108.51039,-33.54232,3.04214
20060369,2006-04-26 05:00:00,-107.89140,-33.56774,3.08211
20060369,2006-04-26 06:00:00,-107.13985,-33.79842,3.16115
20060369,2006-04-26 07:00:00,-106.45989,-33.95614,3.22361
20060369,2006-04-26 08:00:00,-105.70412,-34.20078,3.22531
20060369,2006-04-26 09:00:00,-105.00516,-34.46371,3.29725
20060369,2006-04-26 10:00:00,-104.02544,-34.21471,3.33841
20060369,2006-04-26 11:00:00,-103.48923,-34.22767,3.35909
20060369,2006-04-26 12:00:00,-102.76517,-34.46648,3.35715
20060369,2006-04-26 13:00:00,-101.99115,-34.69533,3.42353
20060369,2006-04-26 14:00:00,-101.28400,-34.87821,3.49284
20060369,2006-04-26 15:00:00,-100.61374,-35.07285,3.57716
20060369,2006-04-26 16:00:00,-99.77148,-35.31877,3.61414
20060369,2006-04-26 17:00:00,-98.90073,-35.55586,3.80185
20060369,2006-04-26 18:00:00,-98.08179,-35.84385,3.86518
20060369,2006-04-26 19:00:00,-97.22229,-36.04205,4.07123
20060369,2006-04-26 20:00:00,-96.32144,-36.48615,4.13179
20060369,2006-04-26 21:00:00,-95.48260,-36.70996,4.12984
20060369,2006-04-26 22:00:00,-94.48770,-36.66150,4.56276
20060369,2006-04-26 23:00:00,-93.61996,-37.18210,4.38743
20060369,2006-04-27 00:00:00,-92.78561,-37.64901,4.33423
20060369,2006-04-27 01:00:00,-91.92096,-38.19840,4.39786
20060369,2006-04-27 02:00:00,-91.21985,-38.69789,4.53741
20060369,2006-04-27 03:00:00,-90.39691,-39.31553,4.52594
20060369,2006-04-27 04:00:00,-89.62787,-39.83729,4.81783
20060369,2006-04-27 05:00:00,-88.84747,-40.27375,5.02832
20060369,2006-04-27 06:00:00,-88.06299,-40.68944,5.14803
20060369,2006-04-27 07:00:00,-87.39963,-41.12001,5.33189
20060369,2006-04-27 08:00:00,-86.64075,-41.53775,5.40277
20060369,2006-04-27 09:00:00,-85.75851,-42.04994,5.47101
20060369,2006-04-27 10:00:00,-84.52051,-42.59857,5.80014
20060369,2006-04-27 11:00:00,-83.74747,-43.22179,5.99414
20060369,2006-04-27 12:00:00,-83.08469,-43.78543,6.17390
20060369,2006-04-27 13:00:00,-82.46411,-44.41801,6.38343
20060369,2006-04-27 14:00:00,-81.99866,-45.01131,6.61212
20060369,2006-04-27 15:00:00,-81.60303,-45.58927,6.71949
20060369,2006-04-27 16:00:00,-81.20261,-46.06032,6.78671
20060369,2006-04-27 17:00:00,-80.77377,-46.53416,6.70300
20060369,2006-04-27 18:00:00,-80.16614,-47.06666,6.72203
20060369,2006-04-27 19:00:00,-79.54504,-47.56390,6.69696
20060369,2006-04-27 20:00:00,-78.82340,-47.93517,6.71976
20060369,2006-04-27 21:00:00,-78.12473,-48.30385,6.84618
20060369,2006-04-27 22:00:00,-77.42584,-48.88741,6.91895
20060369,2006-04-27 23:00:00,-76.85422,-49.31848,6.88014
20060369,2006-04-28 00:00:00,-76.28244,-49.73524,6.92470
20060369,2006-04-28 01:00:00,-75.73395,-50.30742,6.98632
20060369,2006-04-28 02:00:00,-75.15341,-50.75850,7.01172
20060369,2006-04-28 03:00:00,-74.52197,-51.25062,7.09126
20060369,2006-04-28 04:00:00,-73.86743,-51.57254,7.12278
20060369,2006-04-28 05:00:00,-73.22131,-51.93575,7.13085
20060369,2006-04-28 06:00:00,-72.59933,-52.35630,7.25764
20060369,2006-04-28 07:00:00,-71.94418,-52.75732,7.32638
20060369,2006-04-28 08:00:00,-71.29691,-53.14388,7.41252
20060369,2006-04-28 09:00:00,-70.60300,-53.49471,7.40470
20060369,2006-04-28 10:00:00,-69.66660,-53.78853,7.18049
20060369,2006-04-28 11:00:00,-68.87881,-53.94893,7.21672
20060369,2006-04-28 12:00:00,-68.11316,-53.92515,7.31807
20060369,2006-04-28 13:00:00,-67.38419,-53.73603,7.42892
20060369,2006-04-28 14:00:00,-66.72867,-53.57529,7.45762
20060369,2006-04-28 15:00:00,-66.23233,-53.58334,7.50466
20060369,2006-04-28 16:00:00,-65.75131,-53.62156,7.49991
20060369,2006-04-28 17:00:00,-65.35098,-53.69948,7.53582
20060369,2006-04-28 18:00:00,-64.86581,-53.71713,7.63122
20060369,2006-04-28 19:00:00,-64.34006,-53.68674,7.77832
20060369,2006-04-28 20:00:00,-63.82962,-53.60055,7.99883
20060369,2006-04-28 21:00:00,-63.24206,-53.49039,8.14213
20060369,2006-04-28 22:00:00,-62.53009,-53.31744,8.14361
20060369,2006-04-28 23:00:00,-61.91925,-53.09097,8.26607
20060369,2006-04-29 00:00:00,-61.36145,-52.81887,8.38787
20060369,2006-04-29 01:00:00,-60.91348,-52.55776,8.38210
20060369,2006-04-29 02:00:00,-60.54587,-52.30120,8.31944
20060369,2006-04-29 03:00:00,-60.24454,-52.06144,8.28225
20060369,2006-04-29 04:00:00,-59.97839,-51.84195,8.21429
20060369,2006-04-29 05:00:00,-59.76813,-51.65431,8.15614
20060369,2006-04-29 06:00:00,-59.53647,-51.48659,8.04987
20060369,2006-04-29 07:00:00,-59.25363,-51.30324,7.92380
20060369,2006-04-29 08:00:00,-58.87900,-51.04893,7.82428
20060369,2006-04-29 09:00:00,-58.54785,-50.79253,7.79982
20060369,2006-04-29 10:00:00,-57.89737,-50.23775,7.99989
20060369,2006-04-29 11:00:00,-57.22122,-49.91106,8.09244
20060369,2006-04-29 12:00:00,-56.71329,-49.64039,8.13344
20060369,2006-04-29 13:00:00,-56.26920,-49.38657,8.20743
20060369,2006-04-29 14:00:00,-55.89810,-49.15369,8.20477
20060369,2006-04-29 15:00:00,-55.46646,-48.93498,8.23056
20060369,2006-04-29 16:00:00,-55.38419,-48.73279,8.21895
20060369,2006-04-29 17:00:00,-55.29599,-48.51673,8.06264
20060369,2006-04-29 18:00:00,-55.12323,-48.26696,7.97895
20060369,2006-04-29 19:00:00,-54.94131,-48.00486,7.88396
20060369,2006-04-29 20:00:00,-54.71137,-47.71814,7.83929
20060369,2006-04-29 21:00:00,-54.50088,-47.43252,7.83127
20060369,2006-04-29 22:00:00,-54.49292,-47.05961,7.88437
20060369,2006-04-29 23:00:00,-54.42654,-46.75919,7.85880
20060369,2006-04-30 00:00:00,-54.40179,-46.44658,7.83274
20060369,2006-04-30 01:00:00,-54.34229,-46.18640,7.76969
20060369,2006-04-30 02:00:00,-54.24948,-45.92441,7.71711
20060369,2006-04-30 03:00:00,-54.18866,-45.60995,7.67076
20060369,2006-04-30 04:00:00,-54.08164,-45.24369,7.57195
20060369,2006-04-30 05:00:00,-53.95041,-44.83836,7.53171
20060369,2006-04-30 06:00:00,-53.76273,-44.41060,7.57986
20060369,2006-04-30 07:00:00,-53.57208,-44.03760,7.63221
20060369,2006-04-30 08:00:00,-53.39603,-43.68353,7.69444
20060369,2006-04-30 09:00:00,-53.21347,-43.36265,7.75200
20060369,2006-04-30 10:00:00,-52.93030,-42.95609,7.89046
20060369,2006-04-30 11:00:00,-52.70932,-42.62220,7.77205
20060369,2006-04-30 12:00:00,-52.46252,-42.28340,7.54099
20060369,2006-04-30 13:00:00,-52.28928,-41.93291,7.33859
20060369,2006-04-30 14:00:00,-52.12509,-41.54519,7.18826
20060369,2006-04-30 15:00:00,-51.95126,-41.19689,7.11960
20060369,2006-04-30 16:00:00,-51.81915,-40.85877,7.08639
20060369,2006-04-30 17:00:00,-51.69946,-40.58823,7.03483
20060369,2006-04-30 18:00:00,-51.51309,-40.31594,7.05509
20060369,2006-04-30 19:00:00,-51.33606,-40.08609,6.99350
20060369,2006-04-30 20:00:00,-51.23200,-39.82899,6.98969
20060369,2006-04-30 21:00:00,-51.14041,-39.58691,6.93180
20060369,2006-04-30 22:00:00,-51.08609,-39.11265,6.78301
20060369,2006-04-30 23:00:00,-50.90659,-38.81971,6.89078
20060369,2006-05-01 00:00:00,-50.75482,-38.56539,6.98853
20060369,2006-05-01 01:00:00,-50.61359,-38.37030,7.01720
20060369,2006-05-01 02:00:00,-50.45258,-38.18756,6.97971
20060369,2006-05-01 03:00:00,-50.29028,-38.03075,6.93667
20060369,2006-05-01 04:00:00,-50.08633,-37.84547,6.91422
20060369,2006-05-01 05:00:00,-49.90222,-37.68113,6.84785
20060369,2006-05-01 06:00:00,-49.76984,-37.51699,6.81493
20060369,2006-05-01 07:00:00,-49.64072,-37.37320,6.79615
20060369,2006-05-01 08:00:00,-49.51633,-37.21630,6.79711
20060369,2006-05-01 09:00:00,-49.46078,-37.09057,6.83622
20060369,2006-05-01 10:00:00,-49.73672,-36.64555,6.65890
20060369,2006-05-01 11:00:00,-49.71832,-36.48913,6.79251
20060369,2006-05-01 12:00:00,-49.70898,-36.31632,6.91736
20060369,2006-05-01 13:00:00,-49.69650,-36.17809,6.99093
20060369,2006-05-01 14:00:00,-49.60809,-36.04867,7.02914
20060369,2006-05-01 15:00:00,-49.51956,-36.00137,6.99046
20060369,2006-05-01 16:00:00,-49.40506,-35.94805,6.97495
20060369,2006-05-01 17:00:00,-49.35599,-35.84801,7.03366
20060369,2006-05-01 18:00:00,-49.31433,-35.72353,7.03137
20060369,2006-05-01 19:00:00,-49.28384,-35.63166,7.10235
20060369,2006-05-01 20:00:00,-49.22388,-35.53189,7.16708
20060369,2006-05-01 21:00:00,-49.22766,-35.42028,7.25301
20060369,2006-05-01 22:00:00,-49.28839,-35.16151,7.37122
20060369,2006-05-01 23:00:00,-49.25797,-35.09741,7.55350
20060369,2006-05-02 00:00:00,-49.21341,-35.05605,7.64452
20060369,2006-05-02 01:00:00,-49.17041,-34.99016,7.71422
20060369,2006-05-02 02:00:00,-49.13000,-34.94498,7.66421
20060369,2006-05-02 03:00:00,-49.04565,-34.87680,7.56882
20060369,2006-05-02 04:00:00,-48.91727,-34.80738,7.45719
20060369,2006-05-02 05:00:00,-48.76822,-34.75207,7.29938
20060369,2006-05-02 06:00:00,-48.58435,-34.67270,7.18531
20060369,2006-05-02 07:00:00,-48.36121,-34.64603,7.06968
20060369,2006-05-02 08:00:00,-48.17365,-34.62241,6.95411
20060369,2006-05-02 09:00:00,-47.98480,-34.63362,6.88841
20060369,2006-05-02 10:00:00,-48.10220,-34.69893,6.73808
20060369,2006-05-02 11:00:00,-47.99155,-34.58257,6.75797
20060369,2006-05-02 12:00:00,-47.98850,-34.43537,6.78017
20060369,2006-05-02 13:00:00,-47.95438,-34.33551,6.80358
20060369,2006-05-02 14:00:00,-47.74011,-34.30895,6.73075
20060369,2006-05-02 15:00:00,-47.52939,-34.26583,6.64883
20060369,2006-05-02 16:00:00,-47.35712,-34.15019,6.55090
20060369,2006-05-02 17:00:00,-47.34345,-34.14399,6.51533
20060369,2006-05-02 18:00:00,-47.13873,-33.94817,6.48933
20060369,2006-05-02 19:00:00,-47.11227,-33.83434,6.46602
20060369,2006-05-02 20:00:00,-46.94739,-33.64340,6.47200
20060369,2006-05-02 21:00:00,-46.82120,-33.45468,6.45448
20060369,2006-05-02 22:00:00,-46.57187,-33.26877,6.59653
20060369,2006-05-02 23:00:00,-46.57602,-33.16813,6.55316
20060369,2006-05-03 00:00:00,-46.45090,-33.07490,6.54253
20060369,2006-05-03 01:00:00,-46.23798,-33.05479,6.53544
20060369,2006-05-03 02:00:00,-45.98795,-33.15136,6.44066
20060369,2006-05-03 03:00:00,-45.70438,-33.19157,6.38504
20060369,2006-05-03 04:00:00,-45.38852,-33.26716,6.30290
20060369,2006-05-03 05:00:00,-44.86645,-33.48022,6.30197
20060369,2006-05-03 06:00:00,-44.48114,-33.62823,6.20684
20060369,2006-05-03 07:00:00,-44.18353,-33.73725,6.12030
20060369,2006-05-03 08:00:00,-44.02460,-33.79551,6.03739
20060369,2006-05-03 09:00:00,-43.95523,-33.69845,5.96413
20060369,2006-05-03 10:00:00,-43.22363,-34.38885,6.29437
20060369,2006-05-03 11:00:00,-42.93497,-34.45341,6.21263
20060369,2006-05-03 12:00:00,-42.49164,-34.61387,6.19420
20060369,2006-05-03 13:00:00,-42.15475,-34.64734,6.17332
20060369,2006-05-03 14:00:00,-42.06003,-34.53960,6.15241
20060369,2006-05-03 15:00:00,-41.92990,-34.42184,6.16981
20060369,2006-05-03 16:00:00,-41.63751,-34.57350,6.27474
20060369,2006-05-03 17:00:00,-41.48441,-34.81427,6.46096
20060369,2006-05-03 18:00:00,-41.42206,-34.97241,6.66072
20060369,2006-05-03 19:00:00,-41.61035,-34.96460,6.73167
20060369,2006-05-03 20:00:00,-41.52176,-34.95488,6.65702
20060369,2006-05-03 21:00:00,-41.71335,-34.95207,6.52618
20060369,2006-05-03 22:00:00,-41.64694,-34.87568,6.38147
20060369,2006-05-03 23:00:00,-41.69177,-34.84860,6.40142
20060369,2006-05-04 00:00:00,-41.54944,-34.91032,6.43908
20060369,2006-05-04 01:00:00,-41.22351,-35.12795,6.58806
20060369,2006-05-04 02:00:00,-41.12674,-35.16798,6.65834
20060369,2006-05-04 03:00:00,-40.98453,-35.24507,6.71030
20060369,2006-05-04 04:00:00,-40.90982,-35.25596,6.69233
20060369,2006-05-04 05:00:00,-41.04840,-35.15872,6.71646
20060369,2006-05-04 06:00:00,-41.10751,-35.14943,6.76831
20060369,2006-05-04 07:00:00,-41.14444,-35.15328,6.77603
20060369,2006-05-04 08:00:00,-41.20013,-35.09209,6.75014
20060369,2006-05-04 09:00:00,-41.16910,-35.09535,6.71242
20060369,2006-05-04 10:00:00,-41.36209,-35.15426,6.41769
20060369,2006-05-04 11:00:00,-41.33109,-35.09443,6.34863
20060369,2006-05-04 12:00:00,-41.21219,-35.10377,6.37663
20060369,2006-05-04 13:00:00,-41.15433,-35.04973,6.46814
20060369,2006-05-04 14:00:00,-41.16580,-34.94431,6.53960
20060369,2006-05-04 15:00:00,-41.15500,-34.88863,6.67203
20060369,2006-05-04 16:00:00,-41.15018,-34.78674,6.76722
20060369,2006-05-04 17:00:00,-41.04877,-34.73064,6.80209
20060369,2006-05-04 18:00:00,-40.98859,-34.61100,6.78693
20060369,2006-05-04 19:00:00,-40.91443,-34.51659,6.77755
20060369,2006-05-04 20:00:00,-40.77203,-34.43450,6.65817
20060369,2006-05-04 21:00:00,-40.58164,-34.38042,6.55923
20060369,2006-05-04 22:00:00,-40.47730,-34.29661,6.39006
20060369,2006-05-04 23:00:00,-40.23791,-34.30133,6.29403
20060369,2006-05-05 00:00:00,-40.04056,-34.29114,6.25912
20060369,2006-05-05 01:00:00,-39.84039,-34.25746,6.20559
20060369,2006-05-05 02:00:00,-39.64755,-34.12698,6.16009
20060369,2006-05-05 03:00:00,-39.40402,-34.04026,6.10818
20060369,2006-05-05 04:00:00,-39.16443,-33.93988,6.04622
20060369,2006-05-05 05:00:00,-38.87705,-33.89563,5.94154
20060369,2006-05-05 06:00:00,-38.57712,-33.83496,5.81986
20060369,2006-05-05 07:00:00,-38.24939,-33.73425,5.69116
20060369,2006-05-05 08:00:00,-37.90997,-33.66002,5.51624
20060369,2006-05-05 09:00:00,-37.48572,-33.65896,5.31456
20060369,2006-05-05 10:00:00,-36.65115,-34.71552,5.08996
20060369,2006-05-05 11:00:00,-36.37024,-34.58081,4.93377
20060369,2006-05-05 12:00:00,-36.30624,-34.01144,4.82322
20060369,2006-05-05 13:00:00,-36.35599,-33.07266,4.66257
20060369,2006-05-05 14:00:00,-36.23587,-32.46227,4.60037
20060369,2006-05-05 15:00:00,-35.90240,-32.21321,4.46600
20060369,2006-05-05 16:00:00,-35.59421,-31.80285,4.32530
20060369,2006-05-05 17:00:00,-35.17166,-31.65085,4.22814
20060369,2006-05-05 18:00:00,-34.60645,-31.57141,4.08760
20060369,2006-05-05 19:00:00,-34.07632,-31.47500,3.96190
20060369,2006-05-05 20:00:00,-33.53323,-31.26835,3.84928
20060369,2006-05-05 21:00:00,-33.01727,-31.13357,3.75373
20060369,2006-05-05 22:00:00,-32.25061,-30.86801,3.67964
20060369,2006-05-05 23:00:00,-31.61902,-30.74036,3.59362
20060369,2006-05-06 00:00:00,-31.11603,-30.83085,3.48983
20060369,2006-05-06 01:00:00,-30.64151,-31.05432,3.43930
20060369,2006-05-06 02:00:00,-30.07278,-31.24342,3.38437
20060369,2006-05-06 03:00:00,-29.58273,-31.62468,3.33801
20060369,2006-05-06 04:00:00,-29.03906,-32.00516,3.36219
20060369,2006-05-06 05:00:00,-28.50797,-32.23460,3.37749
20060369,2006-05-06 06:00:00,-27.85950,-32.46852,3.38408
20060369,2006-05-06 07:00:00,-27.33145,-32.69769,3.38464
20060369,2006-05-06 08:00:00,-26.57782,-33.09928,3.39889
20060369,2006-05-06 09:00:00,-25.56760,-33.38240,3.43494
20060369,2006-05-06 10:00:00,-25.50153,-33.18205,3.29481
20060369,2006-05-06 11:00:00,-24.58948,-33.75169,3.31984
20060370,2006-04-24 10:00:00,-57.42111,-43.04553,1.18901
20060370,2006-04-24 11:00:00,-56.75250,-42.74750,1.24267
20060370,2006-04-24 12:00:00,-56.31674,-42.52733,1.27918
20060370,2006-04-24 13:00:00,-56.00504,-42.28198,1.33123
20060370,2006-04-24 14:00:00,-55.76700,-42.12839,1.37304
20060370,2006-04-24 15:00:00,-55.33078,-41.96258,1.42987
20060370,2006-04-24 16:00:00,-54.94943,-41.85424,1.44573
20060370,2006-04-24 17:00:00,-54.71030,-41.76572,1.41136
20060370,2006-04-24 18:00:00,-54.17331,-41.65566,1.42809
20060370,2006-04-24 19:00:00,-53.52853,-41.54313,1.44194
20060370,2006-04-24 20:00:00,-52.72635,-41.40058,1.50635
20060370,2006-04-24 21:00:00,-52.16345,-41.29888,1.49250
20060370,2006-04-24 22:00:00,-53.39108,-41.64103,1.25189
20060370,2006-04-24 23:00:00,-53.07849,-41.55920,1.24063
20060370,2006-04-25 00:00:00,-52.67746,-41.45430,1.24148
20060370,2006-04-25 01:00:00,-52.33136,-41.36713,1.22703
20060370,2006-04-25 02:00:00,-51.74063,-41.23439,1.25792
20060370,2006-04-25 03:00:00,-51.26581,-41.15099,1.26647
20060370,2006-04-25 04:00:00,-50.84348,-41.06725,1.26449
20060370,2006-04-25 05:00:00,-50.43848,-41.01576,1.29330
20060370,2006-04-25 06:00:00,-49.62451,-40.87954,1.33307
20060370,2006-04-25 07:00:00,-49.12189,-40.80412,1.38767
20060370,2006-04-25 08:00:00,-48.26538,-40.64483,1.46881
20060370,2006-04-25 09:00:00,-47.13217,-40.38567,1.47602
20060370,2006-04-25 10:00:00,-46.87152,-40.31301,1.47779
20060370,2006-04-25 11:00:00,-45.29434,-39.93726,1.46621
20060370,2006-04-25 12:00:00,-43.72409,-39.54272,1.44224
20060370,2006-04-25 13:00:00,-42.69553,-39.32787,1.37277
20060370,2006-04-25 14:00:00,-41.93512,-39.27920,1.27421
20060370,2006-04-25 15:00:00,-41.29660,-39.33433,1.26157
20060370,2006-04-25 16:00:00,-40.66699,-39.39980,1.27850
20060370,2006-04-25 17:00:00,-40.44498,-39.60655,1.20809
20060370,2006-04-25 18:00:00,-40.09735,-39.75245,1.15242
20060370,2006-04-25 19:00:00,-39.85736,-39.92126,1.17127
20060370,2006-04-25 20:00:00,-39.63779,-39.96768,1.19157
20060370,2006-04-25 21:00:00,-39.49448,-39.98081,1.28432
20060370,2006-04-25 22:00:00,-38.15353,-40.10034,1.46923
20060370,2006-04-25 23:00:00,-37.45230,-40.07280,1.55138
20060370,2006-04-26 00:00:00,-36.89114,-40.08761,1.57161
20060370,2006-04-26 01:00:00,-36.36102,-40.12766,1.57921
20060370,2006-04-26 02:00:00,-35.89331,-40.16841,1.59174
20060370,2006-04-26 03:00:00,-35.35446,-40.24632,1.56303
20060371,2006-04-24 11:00:00,-14.39346,-79.78660,1.66313
20060371,2006-04-24 12:00:00,-14.00617,-79.90290,1.65137
20060371,2006-04-24 13:00:00,-13.87363,-79.89479,1.62477
20060371,2006-04-24 14:00:00,-14.07681,-79.68933,1.60267
20060371,2006-04-24 15:00:00,-14.19598,-79.44817,1.59261
20060371,2006-04-24 16:00:00,-14.56210,-79.06276,1.57176
20060371,2006-04-24 17:00:00,-14.89810,-78.65650,1.55798
20060371,2006-04-24 18:00:00,-15.12375,-78.31490,1.56072
20060371,2006-04-24 19:00:00,-15.05429,-78.19002,1.56900
20060371,2006-04-24 20:00:00,-14.81595,-78.22038,1.56747
20060371,2006-04-24 21:00:00,-14.63123,-78.26706,1.57998
20060371,2006-04-24 22:00:00,-14.92984,-78.00922,1.64553
20060371,2006-04-24 23:00:00,-14.91653,-77.99001,1.70971
20060371,2006-04-25 00:00:00,-14.80426,-77.89713,1.71210
20060371,2006-04-25 01:00:00,-14.59897,-77.77335,1.66824
20060371,2006-04-25 02:00:00,-14.44662,-77.53209,1.62782
20060371,2006-04-25 03:00:00,-14.38629,-77.21166,1.63335
20060371,2006-04-25 04:00:00,-14.41403,-76.71308,1.67019
20060371,2006-04-25 05:00:00,-14.39429,-76.06977,1.74228
20060371,2006-04-25 06:00:00,-14.17071,-75.51859,1.83841
20060371,2006-04-25 07:00:00,-13.85818,-75.11654,1.92353
20060371,2006-04-25 08:00:00,-13.51825,-74.78073,2.01776
20060371,2006-04-25 09:00:00,-13.16388,-74.47573,2.09707
20060371,2006-04-25 10:00:00,-12.67706,-73.53957,2.10613
20060371,2006-04-25 11:00:00,-12.14664,-73.13148,2.18794
20060371,2006-04-25 12:00:00,-11.53772,-72.69486,2.31653
20060371,2006-04-25 13:00:00,-11.08957,-72.33467,2.43305
20060371,2006-04-25 14:00:00,-10.71945,-72.01163,2.54638
20060371,2006-04-25 15:00:00,-10.34476,-71.73115,2.69623
20060371,2006-04-25 16:00:00,-9.98575,-71.42518,2.80295
20060371,2006-04-25 17:00:00,-9.65979,-71.12548,2.85797
20060371,2006-04-25 18:00:00,-9.34042,-70.81829,2.91513
20060371,2006-04-25 19:00:00,-8.99103,-70.49346,2.94281
20060371,2006-04-25 20:00:00,-8.60455,-70.17851,2.94695
20060371,2006-04-25 21:00:00,-8.22629,-69.86945,2.91467
20060371,2006-04-25 22:00:00,-7.75363,-69.59444,3.16089
20060371,2006-04-25 23:00:00,-7.38083,-69.28283,3.12331
20060371,2006-04-26 00:00:00,-7.02182,-68.99936,3.06460
20060371,2006-04-26 01:00:00,-6.69894,-68.72031,3.00998
20060371,2006-04-26 02:00:00,-6.44070,-68.45208,2.98647
20060371,2006-04-26 03:00:00,-6.21600,-68.17996,2.97237
20060371,2006-04-26 04:00:00,-5.99390,-67.85132,2.99346
20060371,2006-04-26 05:00:00,-5.74930,-67.48171,3.04412
20060371,2006-04-26 06:00:00,-5.49115,-67.11938,3.07735
20060371,2006-04-26 07:00:00,-5.18979,-66.76690,3.07447
20060371,2006-04-26 08:00:00,-4.87360,-66.47871,3.02972
20060371,2006-04-26 09:00:00,-4.52881,-66.22422,2.92490
20060371,2006-04-26 10:00:00,-4.26202,-66.10426,2.88939
20060371,2006-04-26 11:00:00,-3.88742,-65.75593,2.85334
20060371,2006-04-26 12:00:00,-3.65347,-65.49075,2.83934
20060371,2006-04-26 13:00:00,-3.64029,-65.22990,2.81106
20060371,2006-04-26 14:00:00,-3.49130,-64.90359,2.85932
20060371,2006-04-26 15:00:00,-3.38013,-64.53535,2.86770
20060371,2006-04-26 16:00:00,-3.13046,-64.16216,2.83085
20060371,2006-04-26 17:00:00,-2.86621,-63.82653,2.78650
20060371,2006-04-26 18:00:00,-2.48007,-63.53742,2.73309
20060371,2006-04-26 19:00:00,-2.19876,-63.24449,2.61853
20060371,2006-04-26 20:00:00,-1.80200,-62.99402,2.56578
20060371,2006-04-26 21:00:00,-1.42130,-62.72133,2.55336
20060371,2006-04-26 22:00:00,-1.05496,-62.27273,2.25584
20060371,2006-04-26 23:00:00,-0.92056,-61.75216,2.21257
20060371,2006-04-27 00:00:00,-0.84308,-61.20850,2.21873
20060371,2006-04-27 01:00:00,-0.80612,-60.69496,2.22747
20060371,2006-04-27 02:00:00,-0.54880,-60.36639,2.21077
20060371,2006-04-27 03:00:00,-0.14978,-60.15226,2.17252
20060371,2006-04-27 04:00:00,0.44188,-60.03497,2.09329
20060371,2006-04-27 05:00:00,1.16116,-59.95858,1.96395
20060371,2006-04-27 06:00:00,2.01965,-59.92796,1.84798
20060372,2006-04-25 00:00:00,-69.31442,-75.72014,1.96710
20060372,2006-04-25 01:00:00,-64.58499,-77.13793,1.90100
20060372,2006-04-25 02:00:00,-61.44083,-78.03947,1.90330
20060372,2006-04-25 03:00:00,-59.17917,-78.59179,1.95329
20060372,2006-04-25 04:00:00,-57.49603,-78.91553,2.02572
20060372,2006-04-25 05:00:00,-56.06516,-79.13025,2.10748
20060372,2006-04-25 06:00:00,-54.80917,-79.26814,2.19967
20060372,2006-04-25 07:00:00,-53.55365,-79.37989,2.30784
20060372,2006-04-25 08:00:00,-52.47549,-79.45271,2.41077
20060372,2006-04-25 09:00:00,-51.44144,-79.50676,2.50410
20060372,2006-04-25 10:00:00,-50.05563,-79.60471,2.69627
20060372,2006-04-25 11:00:00,-48.88724,-79.63712,2.79067
20060372,2006-04-25 12:00:00,-47.77097,-79.66468,2.84782
20060372,2006-04-25 13:00:00,-46.62625,-79.69208,2.90158
20060372,2006-04-25 14:00:00,-45.38757,-79.71481,2.94044
20060372,2006-04-25 15:00:00,-44.12625,-79.71124,2.96799
20060372,2006-04-25 16:00:00,-42.96387,-79.68997,2.97778
20060372,2006-04-25 17:00:00,-41.76599,-79.64669,2.96536
20060372,2006-04-25 18:00:00,-40.62558,-79.58765,2.94902
20060372,2006-04-25 19:00:00,-39.28497,-79.51354,2.92506
20060372,2006-04-25 20:00:00,-37.79993,-79.41997,2.93157
20060372,2006-04-25 21:00:00,-36.15347,-79.30938,2.96843
20060372,2006-04-25 22:00:00,-33.48477,-79.22087,2.93094
20060372,2006-04-25 23:00:00,-31.57324,-78.97800,3.03984
20060372,2006-04-26 00:00:00,-29.90442,-78.70351,3.14907
20060372,2006-04-26 01:00:00,-28.74341,-78.46834,3.23942
20060372,2006-04-26 02:00:00,-27.79578,-78.32103,3.30979
20060372,2006-04-26 03:00:00,-26.83414,-78.21880,3.39532
20060372,2006-04-26 04:00:00,-25.95816,-78.12992,3.47905
20060372,2006-04-26 05:00:00,-25.31506,-78.07178,3.53576
20060372,2006-04-26 06:00:00,-24.84576,-78.01239,3.56945
20060372,2006-04-26 07:00:00,-24.57202,-77.99123,3.59951
20060372,2006-04-26 08:00:00,-24.25168,-77.94466,3.63187
20060372,2006-04-26 09:00:00,-23.89807,-77.91072,3.63173
20060372,2006-04-26 10:00:00,-23.42914,-77.97607,3.45611
20060372,2006-04-26 11:00:00,-22.97507,-78.13471,3.30717
20060372,2006-04-26 12:00:00,-22.37357,-78.32310,3.21163
20060372,2006-04-26 13:00:00,-21.85510,-78.55442,3.12381
20060372,2006-04-26 14:00:00,-21.37808,-78.78864,3.00691
20060372,2006-04-26 15:00:00,-21.25983,-79.19263,2.85645
20060372,2006-04-26 16:00:00,-22.89877,-80.18594,2.73019
20060372,2006-04-26 17:00:00,-26.84296,-81.25548,2.68799
20060372,2006-04-26 18:00:00,-30.01944,-81.75623,2.70055
20060372,2006-04-26 19:00:00,-32.00125,-82.01902,2.70994
20060372,2006-04-26 20:00:00,-33.25122,-82.18600,2.71291
20060372,2006-04-26 21:00:00,-34.32272,-82.32223,2.69903
20060372,2006-04-26 22:00:00,-35.69824,-82.48549,2.61612
20060372,2006-04-26 23:00:00,-37.06659,-82.57410,2.63135
20060372,2006-04-27 00:00:00,-38.46951,-82.62547,2.65628
20060372,2006-04-27 01:00:00,-39.76694,-82.63782,2.67570
20060372,2006-04-27 02:00:00,-41.03146,-82.62834,2.68869
20060372,2006-04-27 03:00:00,-42.13943,-82.60358,2.70064
20060372,2006-04-27 04:00:00,-43.04761,-82.57980,2.69043
20060372,2006-04-27 05:00:00,-43.79483,-82.56543,2.69187
20060372,2006-04-27 06:00:00,-44.38388,-82.55792,2.71342
20060372,2006-04-27 07:00:00,-44.79495,-82.56252,2.73094
20060372,2006-04-27 08:00:00,-45.15335,-82.55114,2.73746
20060372,2006-04-27 09:00:00,-45.41299,-82.51853,2.72438
20060372,2006-04-27 10:00:00,-45.74094,-82.47107,2.78606
20060372,2006-04-27 11:00:00,-46.14313,-82.38745,2.75375
20060372,2006-04-27 12:00:00,-46.37579,-82.32619,2.75709
20060372,2006-04-27 13:00:00,-46.46017,-82.30700,2.77348
20060372,2006-04-27 14:00:00,-46.40915,-82.31050,2.79598
20060372,2006-04-27 15:00:00,-46.22217,-82.34318,2.84051
20060372,2006-04-27 16:00:00,-45.95047,-82.35467,2.87398
20060372,2006-04-27 17:00:00,-45.67181,-82.33503,2.90519
20060372,2006-04-27 18:00:00,-45.46100,-82.27695,2.92368
20060372,2006-04-27 19:00:00,-45.31473,-82.19434,2.94500
20060372,2006-04-27 20:00:00,-45.11780,-82.10381,2.94945
20060372,2006-04-27 21:00:00,-44.98737,-82.00530,2.95724
20060372,2006-04-27 22:00:00,-45.37805,-81.96281,3.11850
20060372,2006-04-27 23:00:00,-45.33099,-81.85698,3.15771
20060372,2006-04-28 00:00:00,-45.09915,-81.76708,3.16636
20060372,2006-04-28 01:00:00,-44.74887,-81.69709,3.16483
20060372,2006-04-28 02:00:00,-44.29269,-81.64424,3.13735
20060372,2006-04-28 03:00:00,-43.84378,-81.59277,3.14148
20060372,2006-04-28 04:00:00,-43.46640,-81.51266,3.15021
20060372,2006-04-28 05:00:00,-43.15683,-81.41331,3.15894
20060372,2006-04-28 06:00:00,-42.81595,-81.30962,3.16322
20060372,2006-04-28 07:00:00,-42.39825,-81.21049,3.16960
20060372,2006-04-28 08:00:00,-41.86768,-81.13628,3.16841
20060372,2006-04-28 09:00:00,-41.25320,-81.07440,3.17420
20060372,2006-04-28 10:00:00,-41.21829,-80.99057,3.23061
20060372,2006-04-28 11:00:00,-40.62250,-80.93763,3.24880
20060372,2006-04-28 12:00:00,-39.98508,-80.86271,3.25606
20060372,2006-04-28 13:00:00,-39.47076,-80.78843,3.21318
20060372,2006-04-28 14:00:00,-38.94937,-80.72111,3.17287
20060372,2006-04-28 15:00:00,-38.34976,-80.66062,3.16902
20060372,2006-04-28 16:00:00,-37.69690,-80.57859,3.17601
20060372,2006-04-28 17:00:00,-37.06400,-80.48871,3.18050
20060372,2006-04-28 18:00:00,-36.50629,-80.38951,3.15153
20060372,2006-04-28 19:00:00,-36.09851,-80.34204,3.10179
20060372,2006-04-28 20:00:00,-35.74994,-80.31876,3.02862
20060372,2006-04-28 21:00:00,-35.31674,-80.32712,2.94469
20060372,2006-04-28 22:00:00,-36.50678,-80.57875,2.85114
20060372,2006-04-28 23:00:00,-35.78812,-80.46646,2.86347
20060372,2006-04-29 00:00:00,-35.03357,-80.33886,2.86488
20060372,2006-04-29 01:00:00,-34.40875,-80.22652,2.84176
20060372,2006-04-29 02:00:00,-33.59180,-80.05632,2.82867
20060372,2006-04-29 03:00:00,-32.64947,-79.86173,2.79994
20060372,2006-04-29 04:00:00,-31.66974,-79.58571,2.78318
20060372,2006-04-29 05:00:00,-30.75644,-79.25581,2.75673
20060372,2006-04-29 06:00:00,-29.75586,-78.82208,2.75333
20060372,2006-04-29 07:00:00,-28.81876,-78.36599,2.73843
20060372,2006-04-29 08:00:00,-27.80423,-77.90685,2.72708
20060372,2006-04-29 09:00:00,-26.84091,-77.49348,2.71279
20060372,2006-04-29 10:00:00,-26.27768,-77.16335,2.66100
20060372,2006-04-29 11:00:00,-24.73392,-76.42207,2.61967
20060372,2006-04-29 12:00:00,-23.22586,-75.72912,2.58296
20060372,2006-04-29 13:00:00,-22.11798,-75.30434,2.57122
20060372,2006-04-29 14:00:00,-21.24890,-75.03541,2.57789
20060372,2006-04-29 15:00:00,-20.45865,-74.81325,2.61358
20060372,2006-04-29 16:00:00,-19.79770,-74.64892,2.68666
20060372,2006-04-29 17:00:00,-19.11908,-74.47689,2.73684
20060372,2006-04-29 18:00:00,-18.37582,-74.28162,2.76688
20060372,2006-04-29 19:00:00,-17.54993,-74.05129,2.77942
20060372,2006-04-29 20:00:00,-16.63925,-73.76928,2.78314
20060372,2006-04-29 21:00:00,-15.68442,-73.45534,2.77223
20060372,2006-04-29 22:00:00,-13.71249,-72.84504,2.87524
20060372,2006-04-29 23:00:00,-13.09448,-72.68424,2.87504
20060372,2006-04-30 00:00:00,-12.71118,-72.62557,2.85057
20060372,2006-04-30 01:00:00,-12.49164,-72.63648,2.79440
20060372,2006-04-30 02:00:00,-12.33340,-72.67007,2.73530
20060372,2006-04-30 03:00:00,-12.25549,-72.73988,2.65019
20060372,2006-04-30 04:00:00,-12.23041,-72.83611,2.55850
20060372,2006-04-30 05:00:00,-12.17545,-72.94154,2.45589
20060372,2006-04-30 06:00:00,-12.18054,-73.06626,2.37802
20060372,2006-04-30 07:00:00,-12.09363,-73.14776,2.29333
20060372,2006-04-30 08:00:00,-12.12729,-73.28509,2.23075
20060372,2006-04-30 09:00:00,-12.22690,-73.42659,2.19097
20060372,2006-04-30 10:00:00,-11.93893,-73.07490,2.23917
20060372,2006-04-30 11:00:00,-12.49451,-73.34712,2.14994
20060372,2006-04-30 12:00:00,-14.00284,-74.17838,2.05803
20060373,2006-04-25 07:00:00,-60.15970,-33.42936,1.64918
20060373,2006-04-25 08:00:00,-59.53845,-33.16902,1.74431
20060373,2006-04-25 09:00:00,-59.09720,-32.78780,1.92895
20060373,2006-04-25 10:00:00,-58.79166,-31.78677,1.98713
20060373,2006-04-25 11:00:00,-58.50455,-31.81642,2.16978
20060373,2006-04-25 12:00:00,-58.29706,-31.76710,2.40728
20060373,2006-04-25 13:00:00,-57.75443,-31.95491,2.58743
20060373,2006-04-25 14:00:00,-57.37036,-32.04618,2.76422
20060373,2006-04-25 15:00:00,-56.90851,-32.20839,2.89530
20060373,2006-04-25 16:00:00,-56.19519,-32.37048,3.09985
20060373,2006-04-25 17:00:00,-55.32001,-32.51113,3.34072
20060373,2006-04-25 18:00:00,-54.68533,-32.62010,3.46789
20060373,2006-04-25 19:00:00,-54.10233,-32.68830,3.49596
20060373,2006-04-25 20:00:00,-53.67624,-32.58960,3.61762
20060373,2006-04-25 21:00:00,-53.14804,-32.44452,3.81360
20060373,2006-04-25 22:00:00,-52.20834,-32.43902,4.13738
20060373,2006-04-25 23:00:00,-51.57150,-32.41844,4.17150
20060373,2006-04-26 00:00:00,-50.97824,-32.29593,4.22784
20060373,2006-04-26 01:00:00,-50.55460,-32.27748,4.25408
20060373,2006-04-26 02:00:00,-50.11798,-32.09630,4.15136
20060373,2006-04-26 03:00:00,-49.55475,-31.85429,4.25575
20060373,2006-04-26 04:00:00,-49.16318,-31.65350,4.14529
20060373,2006-04-26 05:00:00,-48.57822,-31.29277,4.07863
20060373,2006-04-26 06:00:00,-48.09967,-31.14447,4.11569
20060373,2006-04-26 07:00:00,-47.64179,-31.02611,4.39706
20060373,2006-04-26 08:00:00,-47.22562,-30.80778,4.35391
20060373,2006-04-26 09:00:00,-46.58771,-30.56494,4.62541
20060373,2006-04-26 10:00:00,-46.14005,-30.22096,4.35918
20060373,2006-04-26 11:00:00,-45.59653,-30.32865,4.87370
20060373,2006-04-26 12:00:00,-45.35754,-30.15857,4.81343
20060373,2006-04-26 13:00:00,-44.86408,-30.03202,4.89645
20060373,2006-04-26 14:00:00,-44.58337,-29.88001,4.73415
20060373,2006-04-26 15:00:00,-44.22229,-29.87215,4.94937
20060373,2006-04-26 16:00:00,-43.75385,-29.74426,5.24200
20060373,2006-04-26 17:00:00,-43.51855,-29.69333,5.10795
20060373,2006-04-26 18:00:00,-43.07748,-29.57648,5.33717
20060373,2006-04-26 19:00:00,-42.95075,-29.49055,4.96324
20060373,2006-04-26 20:00:00,-42.60989,-29.39101,5.08632
20060373,2006-04-26 21:00:00,-42.42703,-29.30990,4.95498
20060373,2006-04-26 22:00:00,-42.04925,-29.18605,4.68268
20060373,2006-04-26 23:00:00,-41.83093,-29.10272,4.73413
20060373,2006-04-27 00:00:00,-41.43762,-29.10803,5.03880
20060373,2006-04-27 01:00:00,-41.09552,-29.12446,5.22165
20060373,2006-04-27 02:00:00,-40.61374,-29.02115,5.43585
20060373,2006-04-27 03:00:00,-40.39194,-28.90972,5.21606
20060373,2006-04-27 04:00:00,-40.20175,-28.90578,5.09791
20060373,2006-04-27 05:00:00,-39.93741,-28.87618,5.16976
20060373,2006-04-27 06:00:00,-39.80875,-28.85261,5.09132
20060373,2006-04-27 07:00:00,-39.67892,-28.82492,5.03219
20060373,2006-04-27 08:00:00,-39.54016,-28.85442,5.00679
20060373,2006-04-27 09:00:00,-39.38663,-28.87990,4.98252
20060373,2006-04-27 10:00:00,-39.13797,-28.95678,4.53754
20060373,2006-04-27 11:00:00,-38.88174,-28.92907,4.56078
20060373,2006-04-27 12:00:00,-38.69485,-28.90215,4.51714
20060373,2006-04-27 13:00:00,-38.45053,-28.87914,4.53261
20060373,2006-04-27 14:00:00,-38.18545,-28.92801,4.50046
20060373,2006-04-27 15:00:00,-37.96524,-28.98376,4.39782
20060373,2006-04-27 16:00:00,-37.62778,-29.12557,4.36446
20060373,2006-04-27 17:00:00,-37.36240,-29.19884,4.29631
20060373,2006-04-27 18:00:00,-37.08676,-29.17645,4.26007
20060373,2006-04-27 19:00:00,-36.74289,-29.23003,4.25599
20060373,2006-04-27 20:00:00,-36.56345,-29.12642,4.18506
20060373,2006-04-27 21:00:00,-36.33795,-29.05929,4.08729
20060373,2006-04-27 22:00:00,-35.94049,-29.46698,3.84347
20060373,2006-04-27 23:00:00,-35.70453,-29.42531,3.69193
20060373,2006-04-28 00:00:00,-35.41000,-29.44130,3.53227
20060373,2006-04-28 01:00:00,-35.08029,-29.48050,3.42149
20060373,2006-04-28 02:00:00,-34.69128,-29.73038,3.28127
20060373,2006-04-28 03:00:00,-34.21164,-30.04955,3.12141
20060373,2006-04-28 04:00:00,-33.32889,-31.42630,3.02620
20060374,2006-04-25 10:00:00,-45.52179,-56.03773,5.35484
20060374,2006-04-25 11:00:00,-46.23831,-56.35150,5.42280
20060374,2006-04-25 12:00:00,-46.79922,-56.58519,5.45615
20060374,2006-04-25 13:00:00,-47.19724,-56.75864,5.43797
20060374,2006-04-25 14:00:00,-47.49167,-56.90147,5.37361
20060374,2006-04-25 15:00:00,-47.70334,-57.03146,5.23436
20060374,2006-04-25 16:00:00,-47.83121,-57.15464,5.05939
20060374,2006-04-25 17:00:00,-47.90106,-57.31130,4.84489
20060374,2006-04-25 18:00:00,-47.97021,-57.50439,4.62495
20060374,2006-04-25 19:00:00,-48.10172,-57.75729,4.40003
20060374,2006-04-25 20:00:00,-48.38672,-58.13086,4.17646
20060374,2006-04-25 21:00:00,-48.95917,-58.68307,3.97057
20060374,2006-04-25 22:00:00,-50.02270,-59.55607,3.80482
20060374,2006-04-25 23:00:00,-50.75336,-60.12987,3.68893
20060374,2006-04-26 00:00:00,-51.37796,-60.63502,3.64839
20060374,2006-04-26 01:00:00,-51.80771,-61.07473,3.63543
20060374,2006-04-26 02:00:00,-52.10446,-61.51504,3.63819
20060374,2006-04-26 03:00:00,-52.38577,-61.97641,3.63740
20060374,2006-04-26 04:00:00,-52.53439,-62.38924,3.65204
20060374,2006-04-26 05:00:00,-52.58283,-62.76908,3.69881
20060374,2006-04-26 06:00:00,-52.51862,-63.14277,3.75135
20060374,2006-04-26 07:00:00,-52.32507,-63.51895,3.82078
20060374,2006-04-26 08:00:00,-51.99670,-63.91765,3.89621
20060374,2006-04-26 09:00:00,-51.65634,-64.30360,3.98019
20060374,2006-04-26 10:00:00,-51.17569,-64.67590,4.20326
20060374,2006-04-26 11:00:00,-50.79877,-65.02647,4.29285
20060374,2006-04-26 12:00:00,-50.42242,-65.35573,4.34406
20060374,2006-04-26 13:00:00,-50.08597,-65.66099,4.37411
20060374,2006-04-26 14:00:00,-49.78384,-65.94441,4.41008
20060374,2006-04-26 15:00:00,-49.41904,-66.24971,4.48056
20060374,2006-04-26 16:00:00,-48.98593,-66.55251,4.55620
20060374,2006-04-26 17:00:00,-48.48953,-66.84699,4.65937
20060374,2006-04-26 18:00:00,-47.98569,-67.12017,4.77433
20060374,2006-04-26 19:00:00,-47.40601,-67.40362,4.82277
20060374,2006-04-26 20:00:00,-46.81421,-67.67219,4.79701
20060374,2006-04-26 21:00:00,-46.22263,-67.91914,4.74020
20060374,2006-04-26 22:00:00,-45.67844,-68.12517,4.80767
20060374,2006-04-26 23:00:00,-45.24823,-68.29609,4.71996
20060374,2006-04-27 00:00:00,-44.80579,-68.47509,4.65890
20060374,2006-04-27 01:00:00,-44.30621,-68.66462,4.63026
20060374,2006-04-27 02:00:00,-43.78079,-68.88210,4.60103
20060374,2006-04-27 03:00:00,-43.22934,-69.11753,4.60053
20060374,2006-04-27 04:00:00,-42.65405,-69.35392,4.60988
20060374,2006-04-27 05:00:00,-42.02814,-69.56789,4.57654
20060374,2006-04-27 06:00:00,-41.44409,-69.76541,4.49804
20060374,2006-04-27 07:00:00,-40.87006,-69.94774,4.42068
20060374,2006-04-27 08:00:00,-40.37878,-70.08476,4.31638
20060374,2006-04-27 09:00:00,-39.88141,-70.17841,4.17147
20060374,2006-04-27 10:00:00,-39.35574,-70.21796,4.11425
20060374,2006-04-27 11:00:00,-38.66702,-70.28082,4.04901
20060374,2006-04-27 12:00:00,-38.03809,-70.33428,4.01623
20060374,2006-04-27 13:00:00,-37.47333,-70.39117,3.95927
20060374,2006-04-27 14:00:00,-36.97928,-70.45495,3.85880
20060374,2006-04-27 15:00:00,-36.50073,-70.51965,3.71999
20060374,2006-04-27 16:00:00,-35.92987,-70.58659,3.59344
20060374,2006-04-27 17:00:00,-35.22995,-70.64897,3.47372
20060374,2006-04-27 18:00:00,-34.44385,-70.69994,3.37415
20060374,2006-04-27 19:00:00,-33.58096,-70.75104,3.31012
20060374,2006-04-27 20:00:00,-32.61456,-70.79454,3.28904
20060374,2006-04-27 21:00:00,-31.73596,-70.82638,3.27129
20060374,2006-04-27 22:00:00,-31.83405,-70.82958,3.23210
20060374,2006-04-27 23:00:00,-30.78882,-70.86754,3.20920
20060374,2006-04-28 00:00:00,-29.64539,-70.87458,3.17113
20060374,2006-04-28 01:00:00,-28.45679,-70.84790,3.14278
20060374,2006-04-28 02:00:00,-27.38504,-70.82524,3.06445
20060374,2006-04-28 03:00:00,-26.45840,-70.80687,2.95363
20060374,2006-04-28 04:00:00,-25.64865,-70.78250,2.82605
20060374,2006-04-28 05:00:00,-24.77277,-70.74955,2.71534
20060374,2006-04-28 06:00:00,-23.83191,-70.72756,2.62256
20060374,2006-04-28 07:00:00,-22.69842,-70.67582,2.55018
20060374,2006-04-28 08:00:00,-21.36328,-70.60438,2.48018
20060374,2006-04-28 09:00:00,-19.82605,-70.52780,2.42464
20060375,2006-04-25 21:00:00,-9.98972,-52.14217,3.82604
20060375,2006-04-25 22:00:00,-9.16614,-51.99744,4.56651
20060375,2006-04-25 23:00:00,-9.24710,-52.00483,4.74932
20060375,2006-04-26 00:00:00,-8.67972,-51.98879,4.76056
20060375,2006-04-26 01:00:00,-7.84827,-51.94081,4.66927
20060375,2006-04-26 02:00:00,-7.06848,-51.83851,4.58679
20060375,2006-04-26 03:00:00,-6.90494,-51.74948,4.60263
20060375,2006-04-26 04:00:00,-6.31400,-51.67791,4.62160
20060375,2006-04-26 05:00:00,-5.28583,-51.61616,4.54901
20060375,2006-04-26 06:00:00,-4.03870,-51.55958,4.42822
20060375,2006-04-26 07:00:00,-3.26770,-51.50097,4.27657
20060375,2006-04-26 08:00:00,-4.09882,-51.40549,4.19668
20060375,2006-04-26 09:00:00,-4.79999,-51.30539,4.12765
20060375,2006-04-26 10:00:00,-4.11795,-51.11388,4.33578
20060375,2006-04-26 11:00:00,-3.15759,-51.05524,4.28124
20060375,2006-04-26 12:00:00,-2.42004,-50.98544,4.24624
20060375,2006-04-26 13:00:00,-2.01865,-50.88582,4.15870
20060375,2006-04-26 14:00:00,-1.36261,-50.80584,4.04492
20060375,2006-04-26 15:00:00,-0.44229,-50.73429,3.95790
20060375,2006-04-26 16:00:00,0.54455,-50.65438,3.91815
20060375,2006-04-26 17:00:00,1.60951,-50.58203,3.88748
20060375,2006-04-26 18:00:00,2.71548,-50.51947,3.88972
20060375,2006-04-26 19:00:00,3.94232,-50.47148,3.87779
20060375,2006-04-26 20:00:00,5.24960,-50.45219,3.88183
20060375,2006-04-26 21:00:00,6.64373,-50.43243,3.88873
20060375,2006-04-26 22:00:00,7.97715,-50.36641,3.83267
20060375,2006-04-26 23:00:00,9.35344,-50.40755,3.78445
20060375,2006-04-27 00:00:00,10.95455,-50.47023,3.70914
20060375,2006-04-27 01:00:00,12.69000,-50.56197,3.66490
20060375,2006-04-27 02:00:00,14.27854,-50.64616,3.62636
20060375,2006-04-27 03:00:00,15.99367,-50.77814,3.64044
20060375,2006-04-27 04:00:00,17.45517,-50.88427,3.66923
20060375,2006-04-27 05:00:00,18.92637,-51.01211,3.71122
20060375,2006-04-27 06:00:00,20.56345,-51.24619,3.73776
20060375,2006-04-27 07:00:00,22.23339,-51.54573,3.78848
20060375,2006-04-27 08:00:00,23.63698,-51.77909,3.84375
20060375,2006-04-27 09:00:00,24.98752,-51.94627,3.93552
20060375,2006-04-27 10:00:00,26.15464,-52.18157,4.19022
20060375,2006-04-27 11:00:00,27.19752,-52.24784,4.30862
20060375,2006-04-27 12:00:00,28.35132,-52.31586,4.42724
20060375,2006-04-27 13:00:00,29.49019,-52.40927,4.54749
20060375,2006-04-27 14:00:00,30.64922,-52.52035,4.60954
20060375,2006-04-27 15:00:00,31.77529,-52.68474,4.65262
20060375,2006-04-27 16:00:00,32.89209,-52.94944,4.70188
20060375,2006-04-27 17:00:00,33.98425,-53.20580,4.89891
20060375,2006-04-27 18:00:00,35.01257,-53.41857,5.14471
20060375,2006-04-27 19:00:00,36.00929,-53.61208,5.35026
20060375,2006-04-27 20:00:00,37.01992,-53.73743,5.44468
20060375,2006-04-27 21:00:00,38.05675,-53.81909,5.56940
20060375,2006-04-27 22:00:00,39.15402,-54.09448,5.41977
20060375,2006-04-27 23:00:00,40.26957,-54.13122,5.39344
20060375,2006-04-28 00:00:00,41.35373,-54.14466,5.49837
20060375,2006-04-28 01:00:00,42.45988,-54.22190,5.59957
20060375,2006-04-28 02:00:00,43.56823,-54.29563,5.73654
20060375,2006-04-28 03:00:00,44.69926,-54.33083,5.86395
20060375,2006-04-28 04:00:00,45.81701,-54.37949,5.97548
20060375,2006-04-28 05:00:00,46.89996,-54.40932,6.05216
20060375,2006-04-28 06:00:00,48.01027,-54.38949,6.06441
20060375,2006-04-28 07:00:00,49.12737,-54.38086,6.00517
20060375,2006-04-28 08:00:00,50.24542,-54.38707,5.89637
20060375,2006-04-28 09:00:00,51.44248,-54.37424,5.76348
20060375,2006-04-28 10:00:00,52.75790,-54.35134,5.46596
20060375,2006-04-28 11:00:00,53.92149,-54.38993,5.35160
20060375,2006-04-28 12:00:00,55.16732,-54.38727,5.33680
20060375,2006-04-28 13:00:00,56.47782,-54.37723,5.32064
20060375,2006-04-28 14:00:00,57.67588,-54.38176,5.22987
20060375,2006-04-28 15:00:00,58.99308,-54.33283,5.09407
20060375,2006-04-28 16:00:00,60.29367,-54.23939,4.96850
20060375,2006-04-28 17:00:00,61.55647,-54.21853,4.77651
20060375,2006-04-28 18:00:00,62.80785,-54.15677,4.56214
20060375,2006-04-28 19:00:00,64.15195,-54.08130,4.38166
20060375,2006-04-28 20:00:00,65.46677,-54.01614,4.20714
20060375,2006-04-28 21:00:00,66.83550,-53.97036,4.01899
20060375,2006-04-28 22:00:00,68.73545,-53.70245,3.91252
20060375,2006-04-28 23:00:00,70.19202,-53.56442,3.77223
20060375,2006-04-29 00:00:00,71.75393,-53.50269,3.59282
20060375,2006-04-29 01:00:00,73.44508,-53.35436,3.48827
20060375,2006-04-29 02:00:00,75.18532,-53.16330,3.41622
20060375,2006-04-29 03:00:00,76.75600,-53.05023,3.43463
20060375,2006-04-29 04:00:00,78.26496,-52.92459,3.45410
20060375,2006-04-29 05:00:00,79.78243,-52.76465,3.49765
20060375,2006-04-29 06:00:00,81.22778,-52.64480,3.51602
20060375,2006-04-29 07:00:00,82.58713,-52.49367,3.54990
20060375,2006-04-29 08:00:00,83.92436,-52.38777,3.49615
20060375,2006-04-29 09:00:00,85.19773,-52.28196,3.47182
20060375,2006-04-29 10:00:00,86.57889,-52.11842,3.57790
20060375,2006-04-29 11:00:00,87.93601,-51.97986,3.52341
20060375,2006-04-29 12:00:00,89.30931,-51.92732,3.40542
20060375,2006-04-29 13:00:00,90.92082,-51.97309,3.25951
20060375,2006-04-29 14:00:00,92.57061,-52.01635,3.19984
20060375,2006-04-29 15:00:00,94.30389,-52.06110,3.17314
20060375,2006-04-29 16:00:00,95.97038,-52.07678,3.17919
20060376,2006-04-25 22:00:00,5.61651,-17.86200,3.37110
20060376,2006-04-25 23:00:00,5.65667,-17.95520,3.39840
20060376,2006-04-26 00:00:00,5.77309,-18.00882,3.40204
20060376,2006-04-26 01:00:00,5.82791,-18.03014,3.43959
20060376,2006-04-26 02:00:00,5.89182,-18.07198,3.49064
20060376,2006-04-26 03:00:00,5.79850,-18.08148,3.52514
20060376,2006-04-26 04:00:00,5.69282,-18.13889,3.51997
20060376,2006-04-26 05:00:00,5.55204,-18.19470,3.49419
20060376,2006-04-26 06:00:00,5.41918,-18.25522,3.48099
20060376,2006-04-26 07:00:00,5.28121,-18.27622,3.45464
20060376,2006-04-26 08:00:00,5.13617,-18.30689,3.45013
20060376,2006-04-26 09:00:00,5.08047,-18.35365,3.43145
20060376,2006-04-26 10:00:00,5.37035,-18.69098,3.59408
20060376,2006-04-26 11:00:00,5.22776,-18.81886,3.56184
20060376,2006-04-26 12:00:00,5.06687,-18.93047,3.54160
20060376,2006-04-26 13:00:00,4.97713,-19.03362,3.49538
20060376,2006-04-26 14:00:00,4.87919,-19.15139,3.43410
20060376,2006-04-26 15:00:00,4.76854,-19.30823,3.36965
20060376,2006-04-26 16:00:00,4.66299,-19.49323,3.33958
20060376,2006-04-26 17:00:00,4.56780,-19.67712,3.39298
20060376,2006-04-26 18:00:00,4.53022,-19.85243,3.43520
20060376,2006-04-26 19:00:00,4.48415,-19.94610,3.48362
20060376,2006-04-26 20:00:00,4.35471,-20.06935,3.61756
20060376,2006-04-26 21:00:00,4.45449,-20.02767,3.47454
20060376,2006-04-26 22:00:00,4.38293,-20.14194,3.72222
20060376,2006-04-26 23:00:00,4.35294,-20.22236,3.66386
20060376,2006-04-27 00:00:00,4.31287,-20.34443,3.60992
20060376,2006-04-27 01:00:00,4.34324,-20.46683,3.58041
20060376,2006-04-27 02:00:00,4.28760,-20.55744,3.57048
20060376,2006-04-27 03:00:00,4.24323,-20.66089,3.56407
20060376,2006-04-27 04:00:00,4.17528,-20.76373,3.59187
20060376,2006-04-27 05:00:00,4.07849,-20.86038,3.63149
20060376,2006-04-27 06:00:00,4.00234,-20.98929,3.68098
20060376,2006-04-27 07:00:00,3.85508,-21.08983,3.76475
20060376,2006-04-27 08:00:00,3.74296,-21.21746,3.80812
20060376,2006-04-27 09:00:00,3.64910,-21.32324,3.79943
20060376,2006-04-27 10:00:00,3.65483,-21.56128,3.58534
20060376,2006-04-27 11:00:00,3.48862,-21.76987,3.60034
20060376,2006-04-27 12:00:00,3.30514,-21.94375,3.60893
20060376,2006-04-27 13:00:00,3.23018,-22.15445,3.55444
20060376,2006-04-27 14:00:00,3.13140,-22.32069,3.56360
20060376,2006-04-27 15:00:00,3.07949,-22.45854,3.58741
20060376,2006-04-27 16:00:00,3.10483,-22.64537,3.59554
20060376,2006-04-27 17:00:00,3.09663,-22.83408,3.59871
20060376,2006-04-27 18:00:00,3.18525,-23.03987,3.56446
20060376,2006-04-27 19:00:00,3.10414,-23.18388,3.63521
20060376,2006-04-27 20:00:00,3.10342,-23.32574,3.66052
20060376,2006-04-27 21:00:00,3.04392,-23.46176,3.72775
20060376,2006-04-27 22:00:00,3.05008,-23.66970,3.83543
20060376,2006-04-27 23:00:00,3.02290,-23.76180,3.86381
20060376,2006-04-28 00:00:00,2.97547,-23.87652,3.91436
20060376,2006-04-28 01:00:00,2.95415,-23.95152,3.90509
20060376,2006-04-28 02:00:00,2.92329,-24.00618,3.90958
20060376,2006-04-28 03:00:00,2.91737,-24.07731,3.88601
20060376,2006-04-28 04:00:00,2.83638,-24.14841,3.88941
20060376,2006-04-28 05:00:00,2.77128,-24.21757,3.86234
20060376,2006-04-28 06:00:00,2.66077,-24.28122,3.85543
20060376,2006-04-28 07:00:00,2.51707,-24.30157,3.83556
20060376,2006-04-28 08:00:00,2.41913,-24.36882,3.83006
20060376,2006-04-28 09:00:00,2.36474,-24.50553,3.79614
20060376,2006-04-28 10:00:00,2.36958,-24.76691,4.15072
20060376,2006-04-28 11:00:00,2.37390,-24.91399,4.14979
20060376,2006-04-28 12:00:00,2.39688,-25.08091,4.14437
20060376,2006-04-28 13:00:00,2.40169,-25.22952,4.13806
20060376,2006-04-28 14:00:00,2.44494,-25.39182,4.12551
20060376,2006-04-28 15:00:00,2.51487,-25.55950,4.12629
20060376,2006-04-28 16:00:00,2.51136,-25.67669,4.15639
20060376,2006-04-28 17:00:00,2.51600,-25.80213,4.18054
20060376,2006-04-28 18:00:00,2.48577,-25.91274,4.23944
20060376,2006-04-28 19:00:00,2.44188,-25.96835,4.23652
20060376,2006-04-28 20:00:00,2.39233,-26.01885,4.32874
20060376,2006-04-28 21:00:00,2.34137,-26.04888,4.30993
20060376,2006-04-28 22:00:00,2.32851,-26.06713,4.15966
20060376,2006-04-28 23:00:00,2.22782,-26.03895,4.18356
20060376,2006-04-29 00:00:00,2.16636,-26.05670,4.16328
20060376,2006-04-29 01:00:00,2.12338,-26.11482,4.16550
20060376,2006-04-29 02:00:00,2.08171,-26.17170,4.17763
20060376,2006-04-29 03:00:00,2.03484,-26.20549,4.18743
20060376,2006-04-29 04:00:00,1.98492,-26.21932,4.22557
20060376,2006-04-29 05:00:00,1.93589,-26.22019,4.20043
20060376,2006-04-29 06:00:00,1.88381,-26.21804,4.20633
20060376,2006-04-29 07:00:00,1.80108,-26.20396,4.18903
20060376,2006-04-29 08:00:00,1.67956,-26.18564,4.14867
20060376,2006-04-29 09:00:00,1.55088,-26.17180,4.12026
20060376,2006-04-29 10:00:00,1.36493,-26.13548,4.04834
20060376,2006-04-29 11:00:00,1.24028,-26.12700,4.03593
20060376,2006-04-29 12:00:00,1.11645,-26.10977,4.00888
20060376,2006-04-29 13:00:00,1.00435,-26.11467,3.96134
20060376,2006-04-29 14:00:00,0.90061,-26.10581,3.92677
20060376,2006-04-29 15:00:00,0.78266,-26.09492,3.88038
20060376,2006-04-29 16:00:00,0.63957,-26.11984,3.84980
20060376,2006-04-29 17:00:00,0.47742,-26.16690,3.83556
20060376,2006-04-29 18:00:00,0.33315,-26.19275,3.82572
20060376,2006-04-29 19:00:00,0.21855,-26.14943,3.79783
20060376,2006-04-29 20:00:00,0.05312,-26.10923,3.78014
20060376,2006-04-29 21:00:00,-0.09073,-26.09265,3.77283
20060376,2006-04-29 22:00:00,-0.07843,-25.74869,3.87174
20060376,2006-04-29 23:00:00,-0.15533,-25.75188,3.87907
20060376,2006-04-30 00:00:00,-0.24145,-25.76249,3.88454
20060376,2006-04-30 01:00:00,-0.31924,-25.75871,3.84253
20060376,2006-04-30 02:00:00,-0.40103,-25.79092,3.81135
20060376,2006-04-30 03:00:00,-0.47803,-25.77525,3.77270
20060376,2006-04-30 04:00:00,-0.57239,-25.79821,3.75137
20060376,2006-04-30 05:00:00,-0.66068,-25.79533,3.73572
20060376,2006-04-30 06:00:00,-0.72659,-25.76834,3.73687
20060376,2006-04-30 07:00:00,-0.80841,-25.72753,3.70830
20060376,2006-04-30 08:00:00,-0.88943,-25.67029,3.65524
20060376,2006-04-30 09:00:00,-0.99912,-25.62652,3.62317
20060376,2006-04-30 10:00:00,-1.16534,-25.53038,3.46976
20060376,2006-04-30 11:00:00,-1.33960,-25.46254,3.44578
20060376,2006-04-30 12:00:00,-1.48047,-25.48180,3.41962
20060376,2006-04-30 13:00:00,-1.55228,-25.57849,3.40336
20060376,2006-04-30 14:00:00,-1.63156,-25.67183,3.39894
20060376,2006-04-30 15:00:00,-1.67700,-25.76475,3.38839
20060376,2006-04-30 16:00:00,-1.67984,-25.84695,3.40406
20060376,2006-04-30 17:00:00,-1.67914,-25.88417,3.41569
20060376,2006-04-30 18:00:00,-1.66190,-25.91140,3.37623
20060376,2006-04-30 19:00:00,-1.67792,-25.87155,3.31829
20060376,2006-04-30 20:00:00,-1.69641,-25.82742,3.27906
20060376,2006-04-30 21:00:00,-1.72403,-25.80474,3.23433
20060376,2006-04-30 22:00:00,-1.63535,-25.86632,2.98685
20060376,2006-04-30 23:00:00,-1.74649,-25.85837,2.95187
20060376,2006-05-01 00:00:00,-1.85120,-25.80458,2.91666
20060376,2006-05-01 01:00:00,-1.96570,-25.71564,2.86439
20060376,2006-05-01 02:00:00,-2.07516,-25.65405,2.81875
20060376,2006-05-01 03:00:00,-2.17606,-25.53795,2.79481
20060376,2006-05-01 04:00:00,-2.26959,-25.38703,2.77130
20060376,2006-05-01 05:00:00,-2.33691,-25.24875,2.77888
20060376,2006-05-01 06:00:00,-2.41779,-25.12146,2.83249
20060376,2006-05-01 07:00:00,-2.49274,-25.02790,2.89813
20060376,2006-05-01 08:00:00,-2.60049,-24.95094,2.90759
20060376,2006-05-01 09:00:00,-2.68967,-24.93281,2.97429
20060376,2006-05-01 10:00:00,-2.76163,-24.96545,2.86532
20060376,2006-05-01 11:00:00,-2.88635,-24.90953,2.85967
20060376,2006-05-01 12:00:00,-3.01132,-24.84097,2.83982
20060376,2006-05-01 13:00:00,-3.08792,-24.75733,2.78674
20060376,2006-05-01 14:00:00,-3.15762,-24.72598,2.78076
20060376,2006-05-01 15:00:00,-3.20557,-24.69142,2.78835
20060376,2006-05-01 16:00:00,-3.22952,-24.63791,2.76143
20060376,2006-05-01 17:00:00,-3.23789,-24.57394,2.72338
20060376,2006-05-01 18:00:00,-3.27216,-24.51448,2.77493
20060376,2006-05-01 19:00:00,-3.28104,-24.46429,2.76081
20060376,2006-05-01 20:00:00,-3.35880,-24.39048,2.76546
20060376,2006-05-01 21:00:00,-3.43832,-24.31611,2.76065
20060376,2006-05-01 22:00:00,-3.44879,-24.54862,2.98930
20060376,2006-05-01 23:00:00,-3.54083,-24.42567,2.97340
20060376,2006-05-02 00:00:00,-3.60754,-24.28619,2.92733
20060376,2006-05-02 01:00:00,-3.70035,-24.14883,2.87385
20060376,2006-05-02 02:00:00,-3.78369,-24.02459,2.85715
20060376,2006-05-02 03:00:00,-3.81393,-23.89498,2.83082
20060376,2006-05-02 04:00:00,-3.83295,-23.85343,2.81519
20060376,2006-05-02 05:00:00,-3.89545,-23.74887,2.80732
20060376,2006-05-02 06:00:00,-3.88678,-23.73570,2.82077
20060376,2006-05-02 07:00:00,-3.96432,-23.68002,2.79178
20060376,2006-05-02 08:00:00,-4.06570,-23.58383,2.79181
20060376,2006-05-02 09:00:00,-4.18021,-23.53995,2.78648
20060376,2006-05-02 10:00:00,-3.90335,-23.55385,2.83381
20060376,2006-05-02 11:00:00,-4.01636,-23.47147,2.82495
20060376,2006-05-02 12:00:00,-4.16528,-23.37712,2.80496
20060376,2006-05-02 13:00:00,-4.32910,-23.27257,2.79639
20060376,2006-05-02 14:00:00,-4.39758,-23.22080,2.79255
20060376,2006-05-02 15:00:00,-4.47156,-23.17132,2.76302
20060376,2006-05-02 16:00:00,-4.53848,-23.07983,2.73259
20060376,2006-05-02 17:00:00,-4.63858,-22.94545,2.67556
20060376,2006-05-02 18:00:00,-4.67032,-22.86300,2.65398
20060376,2006-05-02 19:00:00,-4.70960,-22.72544,2.61567
20060376,2006-05-02 20:00:00,-4.70822,-22.65851,2.64261
20060376,2006-05-02 21:00:00,-4.83905,-22.58243,2.61034
20060376,2006-05-02 22:00:00,-5.01193,-22.80918,2.56561
20060376,2006-05-02 23:00:00,-5.05951,-22.81354,2.57173
20060376,2006-05-03 00:00:00,-5.03565,-22.75939,2.54552
20060376,2006-05-03 01:00:00,-5.10675,-22.66866,2.50890
20060376,2006-05-03 02:00:00,-5.16559,-22.52764,2.48217
20060376,2006-05-03 03:00:00,-5.31827,-22.35546,2.47238
20060376,2006-05-03 04:00:00,-5.50354,-22.19783,2.47598
20060376,2006-05-03 05:00:00,-5.74783,-22.00868,2.48930
20060376,2006-05-03 06:00:00,-6.00552,-21.83164,2.49604
20060376,2006-05-03 07:00:00,-6.19528,-21.70937,2.53960
20060376,2006-05-03 08:00:00,-6.34607,-21.62195,2.54490
20060376,2006-05-03 09:00:00,-6.58347,-21.54880,2.52046
20060376,2006-05-03 10:00:00,-6.81149,-21.81679,2.49893
20060376,2006-05-03 11:00:00,-6.97739,-21.79825,2.48254
20060376,2006-05-03 12:00:00,-7.20755,-21.74639,2.44944
20060376,2006-05-03 13:00:00,-7.48129,-21.65648,2.42838
20060376,2006-05-03 14:00:00,-7.59506,-21.61801,2.44552
20060376,2006-05-03 15:00:00,-7.73474,-21.57391,2.44981
20060376,2006-05-03 16:00:00,-7.84268,-21.55497,2.41319
20060376,2006-05-03 17:00:00,-7.98672,-21.50415,2.36104
20060376,2006-05-03 18:00:00,-8.16186,-21.44737,2.28981
20060376,2006-05-03 19:00:00,-8.39487,-21.38648,2.20678
20060376,2006-05-03 20:00:00,-8.50534,-21.36852,2.15941
20060376,2006-05-03 21:00:00,-8.62237,-21.34518,2.10014
20060376,2006-05-03 22:00:00,-8.19165,-21.49827,2.03706
20060376,2006-05-03 23:00:00,-8.24695,-21.46189,2.02495
20060376,2006-05-04 00:00:00,-8.57111,-21.35488,1.96923
20060376,2006-05-04 01:00:00,-8.78244,-21.26985,1.96016
20060376,2006-05-04 02:00:00,-8.99674,-21.12719,1.96494
20060376,2006-05-04 03:00:00,-9.08652,-21.02113,1.97721
20060376,2006-05-04 04:00:00,-9.25510,-20.89022,2.00250
20060376,2006-05-04 05:00:00,-9.47339,-20.77854,2.02479
20060376,2006-05-04 06:00:00,-9.66113,-20.68708,2.05526
20060376,2006-05-04 07:00:00,-9.79095,-20.61166,2.05956
20060376,2006-05-04 08:00:00,-9.93454,-20.51611,2.02668
20060376,2006-05-04 09:00:00,-10.14099,-20.41125,2.00457
20060376,2006-05-04 10:00:00,-10.28604,-20.24475,1.92750
20060376,2006-05-04 11:00:00,-10.34491,-20.22028,1.97364
20060376,2006-05-04 12:00:00,-10.46075,-20.18906,1.98600
20060376,2006-05-04 13:00:00,-10.57077,-20.14232,1.96670
20060376,2006-05-04 14:00:00,-10.67953,-20.11243,1.94200
20060376,2006-05-04 15:00:00,-10.89975,-20.08916,1.90824
20060376,2006-05-04 16:00:00,-11.06241,-20.09861,1.88983
20060376,2006-05-04 17:00:00,-11.24942,-20.11651,1.84999
20060376,2006-05-04 18:00:00,-11.39755,-20.09549,1.80497
20060376,2006-05-04 19:00:00,-11.64297,-20.05380,1.80289
20060376,2006-05-04 20:00:00,-11.72736,-19.96115,1.78822
20060376,2006-05-04 21:00:00,-11.89825,-19.85908,1.78879
20060376,2006-05-04 22:00:00,-11.46423,-20.07815,1.93792
20060376,2006-05-04 23:00:00,-11.60452,-19.93743,1.88969
20060376,2006-05-05 00:00:00,-11.89682,-19.74226,1.81756
20060376,2006-05-05 01:00:00,-12.22104,-19.57228,1.73202
20060376,2006-05-05 02:00:00,-12.63681,-19.45634,1.63526
20060376,2006-05-05 03:00:00,-13.06622,-19.33572,1.52745
20060377,2006-04-26 10:00:00,13.60042,-65.26173,2.07846
20060377,2006-04-26 11:00:00,12.90617,-65.23014,2.15483
20060377,2006-04-26 12:00:00,12.62717,-65.19762,2.20810
20060377,2006-04-26 13:00:00,13.26672,-65.21036,2.20582
20060377,2006-04-26 14:00:00,13.11550,-65.15645,2.24557
20060377,2006-04-26 15:00:00,13.26758,-65.08189,2.26865
20060377,2006-04-26 16:00:00,13.07611,-64.95287,2.31166
20060377,2006-04-26 17:00:00,13.04273,-64.81609,2.33966
20060377,2006-04-26 18:00:00,12.88549,-64.64744,2.37160
20060377,2006-04-26 19:00:00,13.30525,-64.53544,2.34805
20060377,2006-04-26 20:00:00,13.51386,-64.44489,2.31272
20060377,2006-04-26 21:00:00,13.46542,-64.33379,2.24959
20060377,2006-04-26 22:00:00,14.09239,-63.85916,2.22972
20060377,2006-04-26 23:00:00,14.17479,-63.79275,2.23685
20060377,2006-04-27 00:00:00,14.12995,-63.72586,2.24232
20060377,2006-04-27 01:00:00,14.32475,-63.64450,2.22767
20060377,2006-04-27 02:00:00,14.51575,-63.52726,2.23675
20060377,2006-04-27 03:00:00,14.84443,-63.35808,2.24597
20060377,2006-04-27 04:00:00,15.12603,-63.14894,2.22243
20060377,2006-04-27 05:00:00,15.52111,-62.99599,2.23874
20060377,2006-04-27 06:00:00,15.80891,-62.83337,2.22080
20060377,2006-04-27 07:00:00,15.90462,-62.72258,2.19424
20060377,2006-04-27 08:00:00,15.88924,-62.59317,2.15163
20060377,2006-04-27 09:00:00,15.97658,-62.38746,2.11420
20060377,2006-04-27 10:00:00,16.63257,-61.75911,2.22317
20060377,2006-04-27 11:00:00,16.42210,-61.61713,2.21556
20060377,2006-04-27 12:00:00,16.14025,-61.58367,2.21092
20060377,2006-04-27 13:00:00,15.82511,-61.56765,2.24053
20060377,2006-04-27 14:00:00,15.94443,-61.60078,2.29255
20060377,2006-04-27 15:00:00,16.22847,-61.48941,2.35189
20060377,2006-04-27 16:00:00,16.63007,-61.26504,2.37686
20060377,2006-04-27 17:00:00,17.01404,-60.98701,2.38101
20060377,2006-04-27 18:00:00,17.55377,-60.70816,2.37274
20060377,2006-04-27 19:00:00,18.09001,-60.44457,2.35038
20060377,2006-04-27 20:00:00,18.45719,-60.26039,2.32152
20060377,2006-04-27 21:00:00,18.65639,-60.16823,2.30073
20060377,2006-04-27 22:00:00,16.66573,-60.28837,2.37068
20060377,2006-04-27 23:00:00,16.75943,-60.25617,2.45623
20060377,2006-04-28 00:00:00,16.81430,-60.18167,2.49391
20060377,2006-04-28 01:00:00,17.02936,-60.09484,2.52387
20060377,2006-04-28 02:00:00,17.40520,-59.93924,2.51923
20060377,2006-04-28 03:00:00,17.66452,-59.77032,2.47452
20060377,2006-04-28 04:00:00,17.81465,-59.58499,2.42399
20060377,2006-04-28 05:00:00,17.66659,-59.32776,2.36109
20060377,2006-04-28 06:00:00,17.34342,-58.98733,2.33576
20060377,2006-04-28 07:00:00,17.17672,-58.64291,2.39106
20060377,2006-04-28 08:00:00,17.30652,-58.23793,2.44612
20060377,2006-04-28 09:00:00,17.38742,-57.78322,2.52114
20060377,2006-04-28 10:00:00,17.47135,-57.27302,2.71206
20060377,2006-04-28 11:00:00,17.71437,-56.88027,2.78428
20060377,2006-04-28 12:00:00,18.14862,-56.48136,2.80367
20060377,2006-04-28 13:00:00,18.66861,-56.15469,2.82642
20060377,2006-04-28 14:00:00,19.02320,-55.79071,2.81941
20060377,2006-04-28 15:00:00,19.42435,-55.40023,2.82021
20060377,2006-04-28 16:00:00,19.89492,-55.00650,2.84846
20060377,2006-04-28 17:00:00,20.45273,-54.58318,2.88096
20060377,2006-04-28 18:00:00,21.11034,-54.19761,2.90013
20060377,2006-04-28 19:00:00,21.83066,-53.77837,2.91758
20060377,2006-04-28 20:00:00,22.56078,-53.38432,2.93121
20060377,2006-04-28 21:00:00,23.39683,-53.02502,2.96245
20060377,2006-04-28 22:00:00,24.32991,-52.59934,3.09288
20060377,2006-04-28 23:00:00,25.29279,-52.45697,3.10631
20060377,2006-04-29 00:00:00,26.28397,-52.28934,3.08680
20060377,2006-04-29 01:00:00,27.21752,-52.05744,3.05579
20060377,2006-04-29 02:00:00,28.14374,-51.81495,3.04208
20060377,2006-04-29 03:00:00,29.12275,-51.58743,3.04249
20060377,2006-04-29 04:00:00,30.02686,-51.39144,3.05549
20060377,2006-04-29 05:00:00,30.81745,-51.30409,3.03215
20060377,2006-04-29 06:00:00,31.53665,-51.20038,3.01076
20060377,2006-04-29 07:00:00,32.17613,-51.19322,2.95418
20060377,2006-04-29 08:00:00,32.81509,-51.24066,2.86852
20060378,2006-04-26 11:00:00,-66.62164,-47.69371,3.55841
20060378,2006-04-26 12:00:00,-64.70346,-48.11437,3.90106
20060378,2006-04-26 13:00:00,-63.51740,-48.30072,4.23225
20060378,2006-04-26 14:00:00,-62.52707,-48.40709,4.55882
20060378,2006-04-26 15:00:00,-61.44763,-48.52405,4.91678
20060378,2006-04-26 16:00:00,-60.62064,-48.47111,5.38402
20060378,2006-04-26 17:00:00,-59.74988,-48.46930,5.76986
20060378,2006-04-26 18:00:00,-59.01404,-48.38972,6.27573
20060378,2006-04-26 19:00:00,-58.26764,-48.32111,6.63063
20060378,2006-04-26 20:00:00,-57.51776,-48.28170,6.96994
20060378,2006-04-26 21:00:00,-56.78775,-48.20987,7.10932
20060378,2006-04-26 22:00:00,-55.77808,-48.41749,7.28568
20060378,2006-04-26 23:00:00,-55.02951,-48.47642,7.49199
20060378,2006-04-27 00:00:00,-54.30695,-48.57513,7.63783
20060378,2006-04-27 01:00:00,-53.62537,-48.58473,7.72992
20060378,2006-04-27 02:00:00,-52.91113,-48.64424,7.87147
20060378,2006-04-27 03:00:00,-52.19952,-48.65277,7.95611
20060378,2006-04-27 04:00:00,-51.44394,-48.71189,8.17407
20060378,2006-04-27 05:00:00,-50.71884,-48.68801,8.35346
20060378,2006-04-27 06:00:00,-50.05219,-48.71170,8.40455
20060378,2006-04-27 07:00:00,-49.37146,-48.74172,8.66169
20060378,2006-04-27 08:00:00,-48.76959,-48.71170,8.68887
20060378,2006-04-27 09:00:00,-48.23517,-48.67899,8.76585
20060378,2006-04-27 10:00:00,-47.55029,-48.42253,9.46646
20060378,2006-04-27 11:00:00,-47.11514,-48.36296,9.48570
20060378,2006-04-27 12:00:00,-46.64624,-48.30830,9.57984
20060378,2006-04-27 13:00:00,-46.14581,-48.26599,9.76444
20060378,2006-04-27 14:00:00,-45.77109,-48.29259,9.71599
20060378,2006-04-27 15:00:00,-45.29800,-48.21903,9.78699
20060378,2006-04-27 16:00:00,-44.82153,-48.15493,9.78913
20060378,2006-04-27 17:00:00,-44.39066,-48.03745,9.74669
20060378,2006-04-27 18:00:00,-43.86862,-47.87806,9.75546
20060378,2006-04-27 19:00:00,-43.42950,-47.65104,9.60030
20060378,2006-04-27 20:00:00,-43.04880,-47.43178,9.46527
20060378,2006-04-27 21:00:00,-42.65289,-47.15810,9.31980
20060378,2006-04-27 22:00:00,-42.13477,-46.94861,9.23974
20060378,2006-04-27 23:00:00,-41.73563,-46.72987,9.19838
20060378,2006-04-28 00:00:00,-41.34573,-46.50295,9.13353
20060378,2006-04-28 01:00:00,-40.95511,-46.28444,9.11269
20060378,2006-04-28 02:00:00,-40.57169,-46.04637,9.14666
20060378,2006-04-28 03:00:00,-40.16165,-45.83463,9.06642
20060378,2006-04-28 04:00:00,-39.79398,-45.63886,8.93537
20060378,2006-04-28 05:00:00,-39.48508,-45.47671,8.66694
20060378,2006-04-28 06:00:00,-39.13959,-45.32048,8.40259
20060378,2006-04-28 07:00:00,-38.80731,-45.13753,8.12195
20060378,2006-04-28 08:00:00,-38.50763,-44.94133,7.85029
20060378,2006-04-28 09:00:00,-38.16757,-44.68461,7.61640
20060378,2006-04-28 10:00:00,-37.74820,-44.58645,7.23605
20060378,2006-04-28 11:00:00,-37.26022,-44.27247,6.98606
20060378,2006-04-28 12:00:00,-36.70920,-43.86463,6.80714
20060378,2006-04-28 13:00:00,-36.09723,-43.47176,6.75443
20060378,2006-04-28 14:00:00,-35.04724,-42.93386,6.75269
20060379,2006-04-26 16:00:00,-14.80222,-49.37799,2.72347
20060379,2006-04-26 17:00:00,-15.16025,-48.84079,2.74613
20060379,2006-04-26 18:00:00,-14.95157,-48.40481,2.80641
20060379,2006-04-26 19:00:00,-14.51236,-48.02948,2.98418
20060379,2006-04-26 20:00:00,-13.80536,-47.71583,3.29808
20060379,2006-04-26 21:00:00,-13.03290,-47.64197,3.40295
20060379,2006-04-26 22:00:00,-12.09784,-47.22257,3.90137
20060379,2006-04-26 23:00:00,-11.19635,-47.15328,4.21539
20060379,2006-04-27 00:00:00,-10.32526,-47.13046,4.46565
20060379,2006-04-27 01:00:00,-9.39008,-47.11280,4.73004
20060379,2006-04-27 02:00:00,-8.52573,-47.02592,4.87938
20060379,2006-04-27 03:00:00,-7.60165,-47.09265,4.81520
20060379,2006-04-27 04:00:00,-6.45444,-47.16613,4.98365
20060379,2006-04-27 05:00:00,-5.31223,-47.17327,5.13266
20060379,2006-04-27 06:00:00,-4.21304,-47.19866,5.05580
20060379,2006-04-27 07:00:00,-3.11850,-47.24614,4.98493
20060379,2006-04-27 08:00:00,-1.96756,-47.30413,4.93275
20060379,2006-04-27 09:00:00,-0.69049,-47.40705,5.09917
20060379,2006-04-27 10:00:00,0.64233,-47.31052,5.43697
20060379,2006-04-27 11:00:00,1.97220,-47.36808,5.85175
20060379,2006-04-27 12:00:00,3.14987,-47.41581,6.16509
20060379,2006-04-27 13:00:00,4.33814,-47.46834,6.29067
20060379,2006-04-27 14:00:00,5.50182,-47.50186,6.40135
20060379,2006-04-27 15:00:00,6.66064,-47.54256,6.50760
20060379,2006-04-27 16:00:00,7.78941,-47.56608,6.60030
20060379,2006-04-27 17:00:00,8.91092,-47.56107,6.64305
20060379,2006-04-27 18:00:00,10.04826,-47.55589,6.71147
20060379,2006-04-27 19:00:00,11.21311,-47.55704,6.76734
20060379,2006-04-27 20:00:00,12.42611,-47.57636,6.82804
20060379,2006-04-27 21:00:00,13.64024,-47.60815,6.93883
20060379,2006-04-27 22:00:00,14.97560,-47.63845,7.13809
20060379,2006-04-27 23:00:00,16.30483,-47.69141,7.24186
20060379,2006-04-28 00:00:00,17.59002,-47.70226,7.28156
20060379,2006-04-28 01:00:00,18.89037,-47.68919,7.24481
20060379,2006-04-28 02:00:00,20.16091,-47.68521,7.17971
20060379,2006-04-28 03:00:00,21.45836,-47.73043,7.13188
20060379,2006-04-28 04:00:00,22.79807,-47.82925,7.21874
20060379,2006-04-28 05:00:00,24.08070,-47.93932,7.37805
20060379,2006-04-28 06:00:00,25.35256,-48.04114,7.52401
20060379,2006-04-28 07:00:00,26.61095,-48.15670,7.62686
20060379,2006-04-28 08:00:00,27.75955,-48.24082,7.51652
20060379,2006-04-28 09:00:00,28.91173,-48.32162,7.34907
20060379,2006-04-28 10:00:00,30.64613,-48.46748,7.68601
20060379,2006-04-28 11:00:00,31.97677,-48.60746,7.93513
20060379,2006-04-28 12:00:00,33.26365,-48.72564,8.05128
20060379,2006-04-28 13:00:00,34.45773,-48.82881,8.10195
20060379,2006-04-28 14:00:00,35.55509,-48.94461,8.08301
20060379,2006-04-28 15:00:00,36.75821,-49.10818,8.11820
20060379,2006-04-28 16:00:00,37.89833,-49.27003,8.12629
20060379,2006-04-28 17:00:00,39.08649,-49.48564,7.98330
20060379,2006-04-28 18:00:00,40.26236,-49.74004,8.16880
20060379,2006-04-28 19:00:00,41.49328,-49.97010,7.96533
20060379,2006-04-28 20:00:00,42.74138,-50.36517,8.21934
20060379,2006-04-28 21:00:00,43.98875,-50.65410,8.26812
20060379,2006-04-28 22:00:00,45.71172,-50.93130,8.21590
20060379,2006-04-28 23:00:00,47.00297,-51.41080,8.59843
20060379,2006-04-29 00:00:00,48.15922,-51.69727,8.81176
20060379,2006-04-29 01:00:00,49.37000,-51.99420,8.83202
20060379,2006-04-29 02:00:00,50.58739,-52.33096,9.22321
20060379,2006-04-29 03:00:00,51.76912,-52.59423,9.32811
20060379,2006-04-29 04:00:00,52.97466,-52.86730,9.48343
20060379,2006-04-29 05:00:00,54.14370,-53.08553,9.65417
20060379,2006-04-29 06:00:00,55.29560,-53.30650,9.67955
20060379,2006-04-29 07:00:00,56.46279,-53.60379,9.79913
20060379,2006-04-29 08:00:00,57.59308,-53.79565,9.80046
20060379,2006-04-29 09:00:00,58.75803,-53.98375,9.85342
20060379,2006-04-29 10:00:00,60.03708,-54.15352,9.89731
20060379,2006-04-29 11:00:00,61.21811,-54.31140,9.85529
20060379,2006-04-29 12:00:00,62.33734,-54.43667,9.79707
20060379,2006-04-29 13:00:00,63.53605,-54.56705,9.67496
20060379,2006-04-29 14:00:00,64.59939,-54.70834,9.62014
20060379,2006-04-29 15:00:00,65.73577,-54.83830,9.41554
20060379,2006-04-29 16:00:00,66.90089,-54.96612,9.10548
20060379,2006-04-29 17:00:00,68.07413,-55.07977,8.91985
20060379,2006-04-29 18:00:00,69.21406,-55.20338,8.66010
20060379,2006-04-29 19:00:00,70.46640,-55.31155,8.32105
20060379,2006-04-29 20:00:00,71.69560,-55.41374,8.12959
20060379,2006-04-29 21:00:00,72.90288,-55.48969,8.02548
20060379,2006-04-29 22:00:00,73.96721,-55.70140,7.73226
20060379,2006-04-29 23:00:00,74.98880,-55.79248,7.55267
20060379,2006-04-30 00:00:00,75.90642,-55.87142,7.45862
20060379,2006-04-30 01:00:00,77.10658,-55.92837,7.36135
20060379,2006-04-30 02:00:00,78.05908,-55.93497,7.30167
20060379,2006-04-30 03:00:00,79.14155,-55.93356,7.21800
20060379,2006-04-30 04:00:00,80.68815,-55.99219,6.94699
20060379,2006-04-30 05:00:00,82.18131,-55.94842,6.81731
20060379,2006-04-30 06:00:00,83.83482,-55.91037,6.68389
20060379,2006-04-30 07:00:00,85.19602,-55.84224,6.67922
20060379,2006-04-30 08:00:00,87.13390,-55.75941,6.66599
20060379,2006-04-30 09:00:00,88.83424,-55.68069,6.53415
20060379,2006-04-30 10:00:00,90.84038,-55.52368,6.44839
20060379,2006-04-30 11:00:00,91.69353,-55.47051,6.50249
20060379,2006-04-30 12:00:00,93.19753,-55.43476,6.41558
20060379,2006-04-30 13:00:00,94.09963,-55.32854,6.42474
20060379,2006-04-30 14:00:00,95.31579,-55.19951,6.41991
20060379,2006-04-30 15:00:00,96.21174,-55.05856,6.35027
20060379,2006-04-30 16:00:00,97.51540,-54.90146,6.26327
20060379,2006-04-30 17:00:00,98.91660,-54.70343,6.08752
20060380,2006-04-27 18:00:00,-51.22669,-58.68589,2.50907
20060380,2006-04-27 19:00:00,-50.75940,-58.71234,2.44775
20060380,2006-04-27 20:00:00,-50.28195,-58.66298,2.39626
20060380,2006-04-27 21:00:00,-49.76224,-58.58047,2.31936
20060380,2006-04-27 22:00:00,-49.22852,-58.51941,2.11605
20060380,2006-04-27 23:00:00,-48.68866,-58.42687,2.04276
20060380,2006-04-28 00:00:00,-48.12555,-58.33408,1.98536
20060380,2006-04-28 01:00:00,-47.59827,-58.24297,1.93237
20060380,2006-04-28 02:00:00,-47.09802,-58.14992,1.88293
20060380,2006-04-28 03:00:00,-46.68286,-58.12168,1.81364
20060380,2006-04-28 04:00:00,-46.32431,-58.15550,1.75115
20060380,2006-04-28 05:00:00,-46.04031,-58.21889,1.73636
20060380,2006-04-28 06:00:00,-45.80914,-58.29895,1.69206
20060380,2006-04-28 07:00:00,-45.53757,-58.30099,1.62897
20060380,2006-04-28 08:00:00,-45.24960,-58.22983,1.56301
20060380,2006-04-28 09:00:00,-44.93277,-58.10186,1.48783
20060380,2006-04-28 10:00:00,-44.54040,-58.07858,1.25740
20060380,2006-04-28 11:00:00,-44.01337,-57.73075,1.25264
20060380,2006-04-28 12:00:00,-43.51446,-57.45409,1.28903
20060380,2006-04-28 13:00:00,-43.12354,-57.26448,1.31136
20060380,2006-04-28 14:00:00,-42.85175,-57.16137,1.30089
20060380,2006-04-28 15:00:00,-42.66992,-57.06392,1.26332
20060380,2006-04-28 16:00:00,-42.44605,-56.92816,1.21052
20060380,2006-04-28 17:00:00,-42.10660,-56.68936,1.14376
20060381,2006-04-28 08:00:00,-30.56461,-37.83218,4.82869
20060381,2006-04-28 09:00:00,-29.83502,-38.10008,5.46867
20060381,2006-04-28 10:00:00,-29.25128,-38.58791,6.14286
20060381,2006-04-28 11:00:00,-28.73956,-38.94383,6.97944
20060381,2006-04-28 12:00:00,-28.04865,-39.32125,7.74466
20060381,2006-04-28 13:00:00,-27.74085,-39.73507,7.85932
20060381,2006-04-28 14:00:00,-27.29477,-40.09412,8.20100
20060381,2006-04-28 15:00:00,-26.81610,-40.47821,8.34131
20060381,2006-04-28 16:00:00,-26.38004,-40.90828,8.61352
20060381,2006-04-28 17:00:00,-25.83191,-41.39400,9.14438
20060381,2006-04-28 18:00:00,-25.74139,-41.91227,9.17453
20060381,2006-04-28 19:00:00,-25.54800,-42.42022,9.69321
20060381,2006-04-28 20:00:00,-25.32266,-42.82386,10.06793
20060381,2006-04-28 21:00:00,-25.19949,-43.22586,10.25693
20060381,2006-04-28 22:00:00,-24.68347,-43.84655,10.41268
20060381,2006-04-28 23:00:00,-24.56378,-44.27470,10.50931
20060381,2006-04-29 00:00:00,-24.45584,-44.68973,10.56476
20060381,2006-04-29 01:00:00,-24.34003,-45.08765,10.51156
20060381,2006-04-29 02:00:00,-24.20874,-45.44075,10.29816
20060381,2006-04-29 03:00:00,-24.14554,-45.71748,10.10963
20060381,2006-04-29 04:00:00,-24.10443,-46.02173,9.93964
20060381,2006-04-29 05:00:00,-23.99674,-46.22697,9.70307
20060381,2006-04-29 06:00:00,-23.81229,-46.47952,9.41661
20060381,2006-04-29 07:00:00,-23.62781,-46.70345,9.19989
20060381,2006-04-29 08:00:00,-23.58780,-46.97815,8.95382
20060381,2006-04-29 09:00:00,-23.42859,-47.42631,8.72759
20060381,2006-04-29 10:00:00,-23.16660,-47.92880,8.60405
20060381,2006-04-29 11:00:00,-23.21582,-48.07415,8.54050
20060381,2006-04-29 12:00:00,-23.23084,-48.12406,8.57543
20060381,2006-04-29 13:00:00,-23.11908,-48.25073,8.62467
20060381,2006-04-29 14:00:00,-22.95929,-48.42688,8.63268
20060381,2006-04-29 15:00:00,-22.77002,-48.57750,8.70918
20060381,2006-04-29 16:00:00,-22.48791,-48.69298,8.85231
20060381,2006-04-29 17:00:00,-22.14337,-48.78738,9.01326
20060381,2006-04-29 18:00:00,-21.67795,-48.86203,9.29025
20060381,2006-04-29 19:00:00,-21.14755,-49.04155,9.47350
20060381,2006-04-29 20:00:00,-20.62567,-49.27176,9.65621
20060381,2006-04-29 21:00:00,-20.10599,-49.58639,9.82978
20060381,2006-04-29 22:00:00,-19.80252,-49.86492,10.05877
20060381,2006-04-29 23:00:00,-19.17865,-50.21111,10.07311
20060381,2006-04-30 00:00:00,-18.57791,-50.62855,10.01820
20060381,2006-04-30 01:00:00,-18.04071,-51.01371,9.93527
20060381,2006-04-30 02:00:00,-17.55850,-51.36977,9.85396
20060381,2006-04-30 03:00:00,-17.12457,-51.72428,9.80747
20060381,2006-04-30 04:00:00,-16.68655,-52.08149,9.77872
20060381,2006-04-30 05:00:00,-16.18149,-52.45056,9.82455
20060381,2006-04-30 06:00:00,-15.63620,-52.80682,9.91756
20060381,2006-04-30 07:00:00,-14.98251,-53.22424,9.98620
20060381,2006-04-30 08:00:00,-14.30234,-53.57773,10.10475
20060381,2006-04-30 09:00:00,-13.56827,-53.92522,10.14567
20060381,2006-04-30 10:00:00,-12.27496,-54.34072,10.22736
20060381,2006-04-30 11:00:00,-11.49759,-54.67881,10.19997
20060381,2006-04-30 12:00:00,-10.67786,-55.03246,10.16497
20060381,2006-04-30 13:00:00,-9.90457,-55.32391,10.17637
20060381,2006-04-30 14:00:00,-9.06763,-55.65029,10.19056
20060381,2006-04-30 15:00:00,-8.21545,-55.90778,10.18448
20060381,2006-04-30 16:00:00,-7.28268,-56.17122,10.14995
20060381,2006-04-30 17:00:00,-6.25247,-56.42488,10.11595
20060381,2006-04-30 18:00:00,-5.18527,-56.66133,10.03859
20060381,2006-04-30 19:00:00,-4.07974,-56.89361,9.96389
20060381,2006-04-30 20:00:00,-2.99356,-57.09236,9.86133
20060381,2006-04-30 21:00:00,-1.88065,-57.28811,9.69743
20060381,2006-04-30 22:00:00,-0.41476,-57.65284,9.53240
20060381,2006-04-30 23:00:00,0.71290,-57.84601,9.30225
20060381,2006-05-01 00:00:00,1.83757,-58.05450,9.10252
20060381,2006-05-01 01:00:00,2.92706,-58.27766,8.99080
20060381,2006-05-01 02:00:00,4.08679,-58.59890,8.96810
20060381,2006-05-01 03:00:00,5.38114,-59.01393,8.95149
20060381,2006-05-01 04:00:00,6.77226,-59.51796,8.95447
20060381,2006-05-01 05:00:00,8.14223,-60.00078,8.90146
20060381,2006-05-01 06:00:00,9.48983,-60.47578,8.81332
20060381,2006-05-01 07:00:00,10.70717,-60.90628,8.67621
20060381,2006-05-01 08:00:00,11.86882,-61.31564,8.54143
20060381,2006-05-01 09:00:00,12.92596,-61.66145,8.44449
20060381,2006-05-01 10:00:00,13.37393,-61.73786,8.27786
20060381,2006-05-01 11:00:00,14.27809,-61.92046,8.21824
20060381,2006-05-01 12:00:00,15.22139,-62.06987,8.19754
20060381,2006-05-01 13:00:00,16.11535,-62.19888,8.22103
20060381,2006-05-01 14:00:00,16.93177,-62.31918,8.28822
20060381,2006-05-01 15:00:00,17.73339,-62.46114,8.36128
20060381,2006-05-01 16:00:00,18.54806,-62.62508,8.41700
20060381,2006-05-01 17:00:00,19.22942,-62.75999,8.44270
20060381,2006-05-01 18:00:00,19.81268,-62.86418,8.42304
20060381,2006-05-01 19:00:00,20.40817,-62.96387,8.37803
20060381,2006-05-01 20:00:00,20.94891,-63.03376,8.33826
20060381,2006-05-01 21:00:00,21.44415,-63.08970,8.29479
20060381,2006-05-01 22:00:00,21.65326,-63.14051,8.31740
20060381,2006-05-01 23:00:00,21.98015,-63.16658,8.31889
20060381,2006-05-02 00:00:00,22.31852,-63.21538,8.31601
20060381,2006-05-02 01:00:00,22.78488,-63.29385,8.31728
20060381,2006-05-02 02:00:00,23.38278,-63.41091,8.32548
20060381,2006-05-02 03:00:00,24.03890,-63.53022,8.35764
20060381,2006-05-02 04:00:00,24.72215,-63.63418,8.41626
20060381,2006-05-02 05:00:00,25.41639,-63.70999,8.47487
20060381,2006-05-02 06:00:00,26.11672,-63.74670,8.55158
20060381,2006-05-02 07:00:00,26.75086,-63.76416,8.61599
20060381,2006-05-02 08:00:00,27.33787,-63.80110,8.67266
20060381,2006-05-02 09:00:00,27.86374,-63.85012,8.70683
20060381,2006-05-02 10:00:00,28.12139,-63.89163,8.48237
20060381,2006-05-02 11:00:00,28.45332,-63.94749,8.54601
20060381,2006-05-02 12:00:00,28.92579,-63.94824,8.64562
20060381,2006-05-02 13:00:00,29.47797,-63.93762,8.70620
20060381,2006-05-02 14:00:00,30.13892,-63.92204,8.75668
20060381,2006-05-02 15:00:00,30.81889,-63.91156,8.78332
20060381,2006-05-02 16:00:00,31.41066,-63.91252,8.80514
20060381,2006-05-02 17:00:00,31.89442,-63.93620,8.80671
20060381,2006-05-02 18:00:00,32.38288,-63.93840,8.81411
20060381,2006-05-02 19:00:00,32.85287,-63.94483,8.78452
20060381,2006-05-02 20:00:00,33.22060,-63.95013,8.75014
20060381,2006-05-02 21:00:00,33.64347,-63.96576,8.68987
20060381,2006-05-02 22:00:00,33.75090,-64.02425,8.54673
20060381,2006-05-02 23:00:00,33.91401,-64.10419,8.48646
20060381,2006-05-03 00:00:00,34.23934,-64.14162,8.40601
20060381,2006-05-03 01:00:00,34.47152,-64.22616,8.23212
20060381,2006-05-03 02:00:00,34.86942,-64.25388,8.04688
20060381,2006-05-03 03:00:00,35.22788,-64.27419,7.89003
20060381,2006-05-03 04:00:00,35.47911,-64.31174,7.77162
20060381,2006-05-03 05:00:00,35.59452,-64.37619,7.58586
20060381,2006-05-03 06:00:00,35.24394,-64.54167,7.42811
20060381,2006-05-03 07:00:00,34.73263,-64.73682,7.27208
20060381,2006-05-03 08:00:00,33.80786,-64.97778,7.13176
20060381,2006-05-03 09:00:00,33.22130,-65.13953,6.99172
20060381,2006-05-03 10:00:00,34.23177,-64.98473,6.81273
20060381,2006-05-03 11:00:00,33.76001,-65.12460,6.69774
20060381,2006-05-03 12:00:00,32.28505,-65.37386,6.63261
20060381,2006-05-03 13:00:00,31.12033,-65.58205,6.55489
20060381,2006-05-03 14:00:00,30.84503,-65.64317,6.43937
20060381,2006-05-03 15:00:00,30.98866,-65.64267,6.28710
20060381,2006-05-03 16:00:00,31.60851,-65.58625,6.15670
20060381,2006-05-03 17:00:00,32.23208,-65.51503,5.97956
20060381,2006-05-03 18:00:00,32.85072,-65.44703,5.80510
20060381,2006-05-03 19:00:00,33.35758,-65.40156,5.65473
20060381,2006-05-03 20:00:00,33.81391,-65.36482,5.51637
20060381,2006-05-03 21:00:00,34.33815,-65.32498,5.38235
20060381,2006-05-03 22:00:00,35.09579,-65.28988,5.21547
20060381,2006-05-03 23:00:00,35.80943,-65.24405,5.14914
20060381,2006-05-04 00:00:00,36.71263,-65.17803,5.12612
20060381,2006-05-04 01:00:00,37.40811,-65.13614,5.07737
20060381,2006-05-04 02:00:00,38.14840,-65.09264,4.99723
20060381,2006-05-04 03:00:00,38.86002,-65.06379,4.90532
20060381,2006-05-04 04:00:00,39.72133,-65.03029,4.77987
20060381,2006-05-04 05:00:00,40.32687,-65.03955,4.62059
20060381,2006-05-04 06:00:00,40.88472,-65.07477,4.45489
20060381,2006-05-04 07:00:00,41.26928,-65.09627,4.33860
20060381,2006-05-04 08:00:00,41.84734,-65.11942,4.20348
20060381,2006-05-04 09:00:00,42.30316,-65.13335,4.14345
20060381,2006-05-04 10:00:00,43.17886,-65.06552,3.85180
20060381,2006-05-04 11:00:00,43.59945,-65.09300,3.72174
20060381,2006-05-04 12:00:00,43.94441,-65.09285,3.69191
20060381,2006-05-04 13:00:00,44.35344,-65.06879,3.62090
20060381,2006-05-04 14:00:00,44.87976,-65.00735,3.44947
20060381,2006-05-04 15:00:00,45.53423,-64.94324,3.24240
20060381,2006-05-04 16:00:00,45.98554,-64.90284,3.12279
20060381,2006-05-04 17:00:00,46.46878,-64.92248,2.93434
20060381,2006-05-04 18:00:00,46.72322,-64.94662,2.78979
20060381,2006-05-04 19:00:00,47.11288,-64.97226,2.64699
20060381,2006-05-04 20:00:00,47.69550,-64.97729,2.51576
20060381,2006-05-04 21:00:00,48.05320,-64.98292,2.38422
20060381,2006-05-04 22:00:00,48.65461,-64.91850,2.26433
20060381,2006-05-04 23:00:00,49.56512,-64.84766,2.15734
20060381,2006-05-05 00:00:00,50.17072,-64.80816,2.07176
20060381,2006-05-05 01:00:00,50.88231,-64.77357,1.95418
20060381,2006-05-05 02:00:00,51.68218,-64.72774,1.87798
20060381,2006-05-05 03:00:00,52.69757,-64.69324,1.77657
20060381,2006-05-05 04:00:00,53.56642,-64.69865,1.71058
20060381,2006-05-05 05:00:00,54.69937,-64.72517,1.66823
20060381,2006-05-05 06:00:00,56.18711,-64.76061,1.65382
20060382,2006-04-28 10:00:00,-12.62076,-70.45243,2.35444
20060382,2006-04-28 11:00:00,-11.04303,-70.29624,2.37419
20060382,2006-04-28 12:00:00,-9.27536,-70.07929,2.42928
20060382,2006-04-28 13:00:00,-7.80612,-69.87562,2.46810
20060382,2006-04-28 14:00:00,-6.32227,-69.69273,2.46624
20060382,2006-04-28 15:00:00,-5.17410,-69.54243,2.44030
20060382,2006-04-28 16:00:00,-3.96933,-69.40910,2.38923
20060382,2006-04-28 17:00:00,-2.92136,-69.24687,2.34291
20060382,2006-04-28 18:00:00,-1.92105,-69.08353,2.31526
20060382,2006-04-28 19:00:00,-0.84378,-68.89386,2.31208
20060382,2006-04-28 20:00:00,0.36236,-68.70815,2.29536
20060382,2006-04-28 21:00:00,1.64162,-68.55878,2.27215
20060382,2006-04-28 22:00:00,2.39257,-68.51222,2.34494
20060382,2006-04-28 23:00:00,3.21753,-68.35994,2.31078
20060382,2006-04-29 00:00:00,4.22105,-68.25521,2.22350
20060382,2006-04-29 01:00:00,5.51856,-68.21541,2.12662
20060382,2006-04-29 02:00:00,6.95374,-68.21927,2.07636
20060382,2006-04-29 03:00:00,8.64725,-68.29279,2.00189
20060382,2006-04-29 04:00:00,9.95364,-68.41720,1.94102
20060382,2006-04-29 05:00:00,11.15666,-68.60885,1.87233
20060382,2006-04-29 06:00:00,11.81439,-68.74183,1.85874
20060382,2006-04-29 07:00:00,13.75079,-68.90585,1.85145
20060382,2006-04-29 08:00:00,14.91783,-68.99129,1.85898
20060382,2006-04-29 09:00:00,16.15182,-69.09693,1.88495
20060382,2006-04-29 10:00:00,21.17066,-69.17538,1.98787
20060382,2006-04-29 11:00:00,21.48613,-69.19554,2.03169
20060382,2006-04-29 12:00:00,21.36213,-69.16017,2.06001
20060382,2006-04-29 13:00:00,22.07265,-69.07511,2.09784
20060382,2006-04-29 14:00:00,22.54514,-68.98252,2.10334
20060382,2006-04-29 15:00:00,23.20836,-68.86144,2.12663
20060382,2006-04-29 16:00:00,23.64405,-68.75902,2.18923
20060382,2006-04-29 17:00:00,24.21547,-68.65718,2.27903
20060382,2006-04-29 18:00:00,24.61992,-68.58539,2.37045
20060382,2006-04-29 19:00:00,24.69134,-68.54367,2.45054
20060382,2006-04-29 20:00:00,25.25737,-68.50870,2.53685
20060382,2006-04-29 21:00:00,25.80150,-68.46553,2.62547
20060382,2006-04-29 22:00:00,26.55909,-68.54793,2.75678
20060382,2006-04-29 23:00:00,26.92590,-68.49808,2.80498
20060382,2006-04-30 00:00:00,27.13534,-68.41779,2.83497
20060382,2006-04-30 01:00:00,27.26522,-68.32676,2.88680
20060382,2006-04-30 02:00:00,27.18508,-68.27449,2.90890
20060382,2006-04-30 03:00:00,27.25051,-68.21254,2.95730
20060382,2006-04-30 04:00:00,27.68984,-68.17171,2.97699
20060382,2006-04-30 05:00:00,27.82317,-68.14248,2.98020
20060382,2006-04-30 06:00:00,28.25464,-68.12392,2.96158
20060382,2006-04-30 07:00:00,28.92187,-68.07483,2.97385
20060382,2006-04-30 08:00:00,29.61931,-68.03003,3.00754
20060382,2006-04-30 09:00:00,30.34516,-68.01757,2.99480
20060382,2006-04-30 10:00:00,31.29278,-68.02716,2.97705
20060382,2006-04-30 11:00:00,31.66042,-68.03523,2.90800
20060382,2006-04-30 12:00:00,31.90568,-68.05279,2.80373
20060382,2006-04-30 13:00:00,32.27485,-68.07754,2.65464
20060382,2006-04-30 14:00:00,32.92899,-68.07066,2.51407
20060382,2006-04-30 15:00:00,33.85402,-68.02407,2.33299
20060382,2006-04-30 16:00:00,34.72013,-68.02785,2.08308
20060382,2006-04-30 17:00:00,35.58330,-67.98149,1.89663
20060382,2006-04-30 18:00:00,36.30179,-67.94224,1.71344
20060382,2006-04-30 19:00:00,36.82974,-67.95699,1.53209
20060382,2006-04-30 20:00:00,37.32243,-67.93345,1.35500
20060382,2006-04-30 21:00:00,37.73581,-67.88130,1.18304
20060382,2006-04-30 22:00:00,38.87266,-67.93758,1.04772
20060383,2006-04-28 22:00:00,18.95842,-36.27331,1.45668
20060383,2006-04-28 23:00:00,19.20234,-36.03670,1.58076
20060383,2006-04-29 00:00:00,19.38279,-35.88247,1.61812
20060383,2006-04-29 01:00:00,19.67467,-35.59830,1.68667
20060383,2006-04-29 02:00:00,20.11801,-35.62858,1.88395
20060383,2006-04-29 03:00:00,20.24610,-35.40314,1.93449
20060383,2006-04-29 04:00:00,20.29870,-35.11964,1.88597
20060383,2006-04-29 05:00:00,20.55910,-34.92829,1.91169
20060383,2006-04-29 06:00:00,20.85918,-34.88416,1.97696
20060383,2006-04-29 07:00:00,21.18497,-34.73033,1.85289
20060383,2006-04-29 08:00:00,20.89190,-34.41062,1.76911
20060383,2006-04-29 09:00:00,21.41746,-34.41589,1.87755
20060383,2006-04-29 10:00:00,19.44347,-34.12047,1.54460
20060383,2006-04-29 11:00:00,19.05598,-34.05677,1.44576
20060383,2006-04-29 12:00:00,19.31317,-33.98908,1.40655
20060383,2006-04-29 13:00:00,19.70839,-33.89481,1.29326
20060383,2006-04-29 14:00:00,18.58731,-33.87604,1.31570
20060383,2006-04-29 15:00:00,18.95424,-33.57127,1.31822
20060383,2006-04-29 16:00:00,19.43550,-33.31778,1.30624
20060383,2006-04-29 17:00:00,20.11173,-32.80684,1.32696
20060383,2006-04-29 18:00:00,20.36915,-32.30280,1.51697
20060383,2006-04-29 19:00:00,20.20413,-32.20202,1.93960
20060383,2006-04-29 20:00:00,20.41044,-32.00102,2.18949
20060383,2006-04-29 21:00:00,20.76167,-31.76109,2.23868
20060383,2006-04-29 22:00:00,20.36109,-31.64468,2.46266
20060383,2006-04-29 23:00:00,19.90274,-31.57979,2.54925
20060383,2006-04-30 00:00:00,19.63110,-31.56504,2.72240
20060383,2006-04-30 01:00:00,19.33156,-31.53912,2.92002
20060383,2006-04-30 02:00:00,19.14502,-31.46225,3.12697
20060383,2006-04-30 03:00:00,19.01224,-31.40378,3.32661
20060383,2006-04-30 04:00:00,18.82084,-31.23570,3.49570
20060383,2006-04-30 05:00:00,18.68275,-30.99535,3.67500
20060383,2006-04-30 06:00:00,18.57503,-30.80040,3.86201
20060383,2006-04-30 07:00:00,18.20561,-30.60272,3.87909
20060383,2006-04-30 08:00:00,17.90271,-30.43528,4.00393
20060383,2006-04-30 09:00:00,17.68745,-30.35553,4.03173
20060383,2006-04-30 10:00:00,17.81653,-30.43912,3.75624
20060383,2006-04-30 11:00:00,17.83029,-30.50179,3.87967
20060383,2006-04-30 12:00:00,17.72194,-30.48363,4.06521
20060383,2006-04-30 13:00:00,17.53342,-30.40088,4.13185
20060383,2006-04-30 14:00:00,17.30328,-30.30227,4.21306
20060383,2006-04-30 15:00:00,17.03471,-30.08298,4.24090
20060383,2006-04-30 16:00:00,17.05268,-29.94211,4.47342
20060383,2006-04-30 17:00:00,16.86453,-29.73623,4.46470
20060383,2006-04-30 18:00:00,16.86594,-29.56537,4.65499
20060383,2006-04-30 19:00:00,16.75745,-29.40825,4.80493
20060383,2006-04-30 20:00:00,16.59396,-29.23890,4.94122
20060383,2006-04-30 21:00:00,16.40819,-29.08080,5.12109
20060383,2006-04-30 22:00:00,15.88911,-29.33857,5.38734
20060383,2006-04-30 23:00:00,15.77334,-29.25215,5.63828
20060383,2006-05-01 00:00:00,15.62533,-29.19631,5.77742
20060383,2006-05-01 01:00:00,15.45933,-29.13919,5.89256
20060383,2006-05-01 02:00:00,15.38879,-29.06285,6.03860
20060383,2006-05-01 03:00:00,15.26309,-29.06411,6.17068
20060383,2006-05-01 04:00:00,15.18021,-29.00300,6.23256
20060383,2006-05-01 05:00:00,15.05659,-28.97537,6.24395
20060383,2006-05-01 06:00:00,14.99471,-28.92665,6.23408
20060383,2006-05-01 07:00:00,14.91231,-28.90345,6.21296
20060383,2006-05-01 08:00:00,14.79044,-28.84652,6.15475
20060383,2006-05-01 09:00:00,14.51141,-28.95168,5.81470
20060383,2006-05-01 10:00:00,14.27962,-28.89652,5.29638
20060383,2006-05-01 11:00:00,14.27859,-28.79265,5.37522
20060383,2006-05-01 12:00:00,14.44105,-28.81441,5.46470
20060383,2006-05-01 13:00:00,14.34299,-28.83938,5.35969
20060383,2006-05-01 14:00:00,14.37294,-28.93492,5.30913
20060383,2006-05-01 15:00:00,14.52789,-28.92022,5.27134
20060383,2006-05-01 16:00:00,15.08896,-28.83706,5.65643
20060383,2006-05-01 17:00:00,15.34558,-28.76101,5.74675
20060383,2006-05-01 18:00:00,15.19095,-28.71041,5.48940
20060383,2006-05-01 19:00:00,15.12231,-28.71175,5.31196
20060383,2006-05-01 20:00:00,15.32753,-28.77449,5.33891
20060383,2006-05-01 21:00:00,15.50691,-28.94165,5.28684
20060383,2006-05-01 22:00:00,15.70906,-29.03045,5.09657
20060383,2006-05-01 23:00:00,15.85654,-29.22086,5.16129
20060383,2006-05-02 00:00:00,16.01038,-29.42393,5.24629
20060383,2006-05-02 01:00:00,16.17972,-29.67656,5.26072
20060383,2006-05-02 02:00:00,16.30144,-29.88078,5.19376
20060383,2006-05-02 03:00:00,16.40852,-30.06061,5.13462
20060383,2006-05-02 04:00:00,16.53626,-30.12302,5.03751
20060383,2006-05-02 05:00:00,16.66931,-30.27775,4.94135
20060383,2006-05-02 06:00:00,16.87728,-30.46443,4.86835
20060383,2006-05-02 07:00:00,17.06583,-30.57858,4.82834
20060383,2006-05-02 08:00:00,17.14792,-30.99058,4.45150
20060383,2006-05-02 09:00:00,17.29590,-31.35264,4.04006
20060383,2006-05-02 10:00:00,17.45759,-31.24926,3.97973
20060383,2006-05-02 11:00:00,17.67743,-31.35732,3.82064
20060383,2006-05-02 12:00:00,17.92456,-31.38901,3.63230
20060383,2006-05-02 13:00:00,18.25265,-31.31554,3.61734
20060383,2006-05-02 14:00:00,18.55336,-31.62857,3.53926
20060383,2006-05-02 15:00:00,18.83695,-31.97048,3.45374
20060383,2006-05-02 16:00:00,19.06218,-32.52693,3.24943
20060383,2006-05-02 17:00:00,19.60108,-33.00726,3.27971
20060383,2006-05-02 18:00:00,20.27267,-33.27078,3.38402
20060383,2006-05-02 19:00:00,20.64734,-33.70464,3.19691
20060383,2006-05-02 20:00:00,21.28669,-33.83577,3.14715
20060383,2006-05-02 21:00:00,21.94410,-33.96704,3.22690
20060383,2006-05-02 22:00:00,23.03744,-34.54602,3.07636
20060383,2006-05-02 23:00:00,23.67560,-34.77441,3.07741
20060383,2006-05-03 00:00:00,24.46833,-34.93801,3.17280
20060383,2006-05-03 01:00:00,24.91219,-35.18705,3.27309
20060383,2006-05-03 02:00:00,25.48257,-35.47157,3.37716
20060383,2006-05-03 03:00:00,26.00455,-35.59963,3.54533
20060383,2006-05-03 04:00:00,26.53285,-35.85863,3.55664
20060383,2006-05-03 05:00:00,26.96326,-36.07568,3.67996
20060383,2006-05-03 06:00:00,27.44516,-36.25512,3.77982
20060383,2006-05-03 07:00:00,27.95946,-36.40507,4.00596
20060383,2006-05-03 08:00:00,28.29817,-36.46995,4.08062
20060383,2006-05-03 09:00:00,28.68212,-36.79183,4.12205
20060383,2006-05-03 10:00:00,29.31651,-36.46527,4.05344
20060383,2006-05-03 11:00:00,29.74669,-36.51289,4.17723
20060383,2006-05-03 12:00:00,30.04028,-36.60368,4.37467
20060383,2006-05-03 13:00:00,30.37852,-36.75870,4.45347
20060383,2006-05-03 14:00:00,30.71709,-36.85435,4.45579
20060383,2006-05-03 15:00:00,31.18218,-36.83837,4.71921
20060383,2006-05-03 16:00:00,31.38818,-37.10283,4.35574
20060383,2006-05-03 17:00:00,31.95333,-36.89295,4.74723
20060383,2006-05-03 18:00:00,32.34966,-36.97013,4.60831
20060383,2006-05-03 19:00:00,32.77894,-36.85459,4.74946
20060383,2006-05-03 20:00:00,33.25531,-36.89502,4.75054
20060383,2006-05-03 21:00:00,33.55615,-36.98183,4.64891
20060383,2006-05-03 22:00:00,34.11177,-37.02359,4.59652
20060383,2006-05-03 23:00:00,34.46224,-37.12284,4.39668
20060383,2006-05-04 00:00:00,34.89037,-37.12112,4.36806
20060383,2006-05-04 01:00:00,35.43410,-37.27353,4.25749
20060383,2006-05-04 02:00:00,35.84943,-37.56072,4.05201
20060383,2006-05-04 03:00:00,36.30874,-37.79136,4.03331
20060383,2006-05-04 04:00:00,36.82193,-37.94482,3.90138
20060383,2006-05-04 05:00:00,37.41295,-38.52611,3.83870
20060384,2006-04-29 06:00:00,-97.04712,-55.58923,2.17477
20060384,2006-04-29 07:00:00,-95.36700,-56.43732,2.31061
20060384,2006-04-29 08:00:00,-94.21893,-56.94832,2.43299
20060384,2006-04-29 09:00:00,-92.63385,-57.58101,2.52001
20060384,2006-04-29 10:00:00,-90.52902,-58.17513,2.91749
20060384,2006-04-29 11:00:00,-89.12060,-58.81193,2.98896
20060384,2006-04-29 12:00:00,-88.01791,-59.37047,3.15561
20060384,2006-04-29 13:00:00,-87.00201,-59.85828,3.22174
20060384,2006-04-29 14:00:00,-85.98434,-60.31385,3.39290
20060384,2006-04-29 15:00:00,-84.79428,-60.85627,3.55454
20060384,2006-04-29 16:00:00,-83.44510,-61.39442,3.76648
20060384,2006-04-29 17:00:00,-82.01434,-61.92503,4.05306
20060384,2006-04-29 18:00:00,-80.60718,-62.33307,4.26098
20060384,2006-04-29 19:00:00,-79.28015,-62.71593,4.47960
20060384,2006-04-29 20:00:00,-78.02582,-63.06114,4.61482
20060384,2006-04-29 21:00:00,-76.85840,-63.42066,4.77030
20060384,2006-04-29 22:00:00,-75.33966,-63.55129,4.79350
20060384,2006-04-29 23:00:00,-74.17056,-63.86231,4.85559
20060384,2006-04-30 00:00:00,-72.76092,-64.14575,4.88754
20060384,2006-04-30 01:00:00,-70.97278,-64.37727,4.85186
20060384,2006-04-30 02:00:00,-68.80728,-64.61986,4.96835
20060384,2006-04-30 03:00:00,-66.45319,-64.77563,5.09391
20060384,2006-04-30 04:00:00,-64.10501,-64.90372,5.27965
20060384,2006-04-30 05:00:00,-62.35873,-65.05827,5.49929
20060384,2006-04-30 06:00:00,-61.02210,-65.18135,5.69449
20060384,2006-04-30 07:00:00,-59.83249,-65.27653,5.88096
20060384,2006-04-30 08:00:00,-58.50357,-65.36904,5.96566
20060384,2006-04-30 09:00:00,-57.02625,-65.45989,6.00496
20060384,2006-04-30 10:00:00,-55.28308,-65.37396,6.26827
20060384,2006-04-30 11:00:00,-53.70529,-65.23396,6.39288
20060384,2006-04-30 12:00:00,-52.20898,-65.04578,6.57378
20060384,2006-04-30 13:00:00,-50.83212,-64.86134,6.66384
20060384,2006-04-30 14:00:00,-49.62210,-64.66927,6.79850
20060384,2006-04-30 15:00:00,-48.49490,-64.50159,6.86734
20060384,2006-04-30 16:00:00,-47.44891,-64.33054,6.86931
20060384,2006-04-30 17:00:00,-46.37628,-64.10524,6.82463
20060384,2006-04-30 18:00:00,-45.29544,-63.86401,6.73366
20060384,2006-04-30 19:00:00,-44.21231,-63.61168,6.62986
20060384,2006-04-30 20:00:00,-43.18008,-63.33973,6.57395
20060384,2006-04-30 21:00:00,-42.15936,-63.05816,6.56171
20060384,2006-04-30 22:00:00,-41.12436,-62.68369,6.63550
20060384,2006-04-30 23:00:00,-40.09784,-62.38493,6.53879
20060384,2006-05-01 00:00:00,-39.07306,-62.04522,6.40911
20060384,2006-05-01 01:00:00,-38.04611,-61.67593,6.21131
20060384,2006-05-01 02:00:00,-37.05219,-61.31932,5.98806
20060384,2006-05-01 03:00:00,-36.11130,-60.97597,5.80631
20060384,2006-05-01 04:00:00,-35.18106,-60.65345,5.62737
20060384,2006-05-01 05:00:00,-34.34418,-60.34142,5.42205
20060384,2006-05-01 06:00:00,-33.49506,-60.04981,5.23937
20060384,2006-05-01 07:00:00,-32.64880,-59.79738,5.06040
20060384,2006-05-01 08:00:00,-31.83109,-59.56755,4.86382
20060384,2006-05-01 09:00:00,-31.00540,-59.31521,4.67113
20060384,2006-05-01 10:00:00,-30.20023,-59.09966,4.39830
20060384,2006-05-01 11:00:00,-29.36832,-58.84822,4.18722
20060384,2006-05-01 12:00:00,-28.49490,-58.60302,3.95501
20060384,2006-05-01 13:00:00,-27.58444,-58.37764,3.74780
20060384,2006-05-01 14:00:00,-26.71432,-58.16883,3.53969
20060384,2006-05-01 15:00:00,-25.91425,-57.94271,3.39207
20060384,2006-05-01 16:00:00,-25.25525,-57.82209,3.24040
20060384,2006-05-01 17:00:00,-24.79336,-57.76398,3.13504
20060384,2006-05-01 18:00:00,-24.62552,-57.90424,3.02050
20060385,2006-04-30 04:00:00,-20.99075,-80.82938,1.94588
20060385,2006-04-30 05:00:00,-20.86841,-80.67602,1.98825
20060385,2006-04-30 06:00:00,-20.84604,-80.42382,2.05641
20060385,2006-04-30 07:00:00,-20.97577,-80.20409,2.16129
20060385,2006-04-30 08:00:00,-21.08771,-79.94328,2.25263
20060385,2006-04-30 09:00:00,-21.16470,-79.71210,2.32539
20060385,2006-04-30 10:00:00,-21.76535,-79.78103,2.22717
20060385,2006-04-30 11:00:00,-22.04742,-79.61910,2.31091
20060385,2006-04-30 12:00:00,-22.08932,-79.40964,2.37744
20060385,2006-04-30 13:00:00,-21.91006,-79.06382,2.43447
20060385,2006-04-30 14:00:00,-21.70435,-78.70049,2.49263
20060385,2006-04-30 15:00:00,-21.44916,-78.33511,2.57626
20060385,2006-04-30 16:00:00,-21.28213,-78.04924,2.69372
20060385,2006-04-30 17:00:00,-21.21481,-77.87997,2.80125
20060385,2006-04-30 18:00:00,-21.21762,-77.77795,2.92495
20060385,2006-04-30 19:00:00,-21.21997,-77.70632,3.04483
20060385,2006-04-30 20:00:00,-21.21487,-77.61672,3.13642
20060385,2006-04-30 21:00:00,-21.22253,-77.52241,3.22039
20060385,2006-04-30 22:00:00,-21.20590,-77.38026,3.18937
20060385,2006-04-30 23:00:00,-21.25687,-77.19597,3.23907
20060385,2006-05-01 00:00:00,-21.20905,-76.98856,3.23225
20060385,2006-05-01 01:00:00,-21.12021,-76.78009,3.17155
20060385,2006-05-01 02:00:00,-21.03287,-76.58025,3.05894
20060385,2006-05-01 03:00:00,-20.93353,-76.34497,2.94911
20060385,2006-05-01 04:00:00,-20.80753,-76.13205,2.84304
20060385,2006-05-01 05:00:00,-20.67831,-75.92239,2.75360
20060385,2006-05-01 06:00:00,-20.56583,-75.77938,2.66559
20060385,2006-05-01 07:00:00,-20.42291,-75.64401,2.61937
20060385,2006-05-01 08:00:00,-20.23956,-75.49922,2.61736
20060385,2006-05-01 09:00:00,-20.01001,-75.32591,2.61954
20060385,2006-05-01 10:00:00,-19.87750,-75.14067,2.60720
20060385,2006-05-01 11:00:00,-19.49036,-74.84680,2.57787
20060385,2006-05-01 12:00:00,-19.04071,-74.54343,2.53056
20060385,2006-05-01 13:00:00,-18.38519,-74.21922,2.47729
20060385,2006-05-01 14:00:00,-17.69269,-73.94151,2.40875
20060385,2006-05-01 15:00:00,-16.95200,-73.70267,2.32819
20060385,2006-05-01 16:00:00,-16.22037,-73.49062,2.23059
20060385,2006-05-01 17:00:00,-15.43720,-73.25411,2.14633
20060385,2006-05-01 18:00:00,-14.63046,-73.02517,2.08403
20060385,2006-05-01 19:00:00,-13.70120,-72.72137,2.02640
20060385,2006-05-01 20:00:00,-12.73300,-72.38303,1.96235
20060385,2006-05-01 21:00:00,-11.76523,-72.06198,1.91069
20060385,2006-05-01 22:00:00,-11.13541,-71.89716,1.92561
20060385,2006-05-01 23:00:00,-10.12726,-71.57880,1.88010
20060385,2006-05-02 00:00:00,-9.28372,-71.35094,1.81193
20060385,2006-05-02 01:00:00,-8.55139,-71.19201,1.71657
20060385,2006-05-02 02:00:00,-7.95520,-71.14786,1.63720
20060385,2006-05-02 03:00:00,-7.31564,-71.09175,1.57014
20060385,2006-05-02 04:00:00,-6.81152,-71.10725,1.48943
20060385,2006-05-02 05:00:00,-6.30490,-71.13487,1.42708
20060385,2006-05-02 06:00:00,-5.53598,-71.02966,1.38829
20060385,2006-05-02 07:00:00,-4.60730,-70.84293,1.34022
20060385,2006-05-02 08:00:00,-3.98633,-70.77202,1.24552
20060386,2006-04-30 08:00:00,-91.30734,-55.23641,5.55710
20060386,2006-04-30 09:00:00,-90.10178,-56.38507,5.63903
20060386,2006-04-30 10:00:00,-88.62183,-57.33224,6.08752
20060386,2006-04-30 11:00:00,-87.52924,-58.05821,6.21763
20060386,2006-04-30 12:00:00,-86.51056,-58.65629,6.34588
20060386,2006-04-30 13:00:00,-85.52380,-59.22287,6.60777
20060386,2006-04-30 14:00:00,-84.53638,-59.68323,6.86540
20060386,2006-04-30 15:00:00,-83.45435,-60.22666,7.16943
20060386,2006-04-30 16:00:00,-82.40176,-60.78232,7.37212
20060386,2006-04-30 17:00:00,-81.26108,-61.38003,7.56934
20060386,2006-04-30 18:00:00,-80.17239,-61.92158,7.80037
20060386,2006-04-30 19:00:00,-79.13376,-62.35519,7.96465
20060386,2006-04-30 20:00:00,-78.08249,-62.77626,8.15200
20060386,2006-04-30 21:00:00,-77.02847,-63.16232,8.19901
20060386,2006-04-30 22:00:00,-75.83957,-63.55079,8.37711
20060386,2006-04-30 23:00:00,-74.83166,-63.90226,8.22715
20060386,2006-05-01 00:00:00,-73.79462,-64.26078,7.89492
20060386,2006-05-01 01:00:00,-72.71735,-64.61139,7.46224
20060386,2006-05-01 02:00:00,-71.49646,-64.95634,7.06105
20060386,2006-05-01 03:00:00,-70.43906,-65.28068,6.74927
20060386,2006-05-01 04:00:00,-69.41031,-65.55250,6.37190
20060386,2006-05-01 05:00:00,-68.69199,-65.81873,5.95123
20060386,2006-05-01 06:00:00,-68.24417,-66.12575,5.44886
20060386,2006-05-01 07:00:00,-67.95166,-66.41605,5.11243
20060386,2006-05-01 08:00:00,-67.46790,-66.66709,4.83389
20060386,2006-05-01 09:00:00,-67.72699,-66.85691,4.65206
20060386,2006-05-01 10:00:00,-67.08807,-66.94374,4.49473
20060386,2006-05-01 11:00:00,-67.19629,-66.96056,4.28559
20060386,2006-05-01 12:00:00,-67.40402,-66.96571,4.09232
20060386,2006-05-01 13:00:00,-66.93597,-66.98546,3.87531
20060386,2006-05-01 14:00:00,-65.24139,-67.10278,3.58270
20060387,2006-04-30 08:00:00,-40.04312,-44.86052,3.21992
20060387,2006-04-30 09:00:00,-39.25055,-44.70884,3.23630
20060387,2006-04-30 10:00:00,-38.92984,-44.71537,3.22524
20060387,2006-04-30 11:00:00,-38.04962,-44.57049,3.35759
20060387,2006-04-30 12:00:00,-37.37473,-44.51131,3.49848
20060387,2006-04-30 13:00:00,-36.63382,-44.46113,3.62182
20060387,2006-04-30 14:00:00,-36.12067,-44.54450,3.77804
20060387,2006-04-30 15:00:00,-35.60309,-44.64296,3.77898
20060387,2006-04-30 16:00:00,-35.13187,-44.74345,3.78682
20060387,2006-04-30 17:00:00,-34.64105,-44.76156,3.71810
20060387,2006-04-30 18:00:00,-34.23157,-44.72653,3.53283
20060387,2006-04-30 19:00:00,-33.77933,-44.74175,3.45651
20060387,2006-04-30 20:00:00,-33.32562,-44.78313,3.44762
20060387,2006-04-30 21:00:00,-32.61469,-44.80768,3.37531
20060387,2006-04-30 22:00:00,-31.61725,-44.78140,3.02817
20060387,2006-04-30 23:00:00,-30.75494,-44.80770,3.05391
20060387,2006-05-01 00:00:00,-30.04016,-44.79830,3.07582
20060387,2006-05-01 01:00:00,-29.38443,-44.79860,3.12326
20060387,2006-05-01 02:00:00,-28.76566,-44.73620,3.14941
20060387,2006-05-01 03:00:00,-28.13953,-44.75345,3.07870
20060387,2006-05-01 04:00:00,-27.44031,-44.79024,2.93820
20060387,2006-05-01 05:00:00,-26.52936,-44.90339,2.80178
20060387,2006-05-01 06:00:00,-25.65936,-45.01864,2.61042
20060387,2006-05-01 07:00:00,-24.73746,-45.13091,2.40701
20060388,2006-04-30 10:00:00,12.27408,-18.97685,2.07802
20060388,2006-04-30 11:00:00,12.13514,-18.71059,2.01552
20060388,2006-04-30 12:00:00,12.10580,-18.73288,1.96647
20060388,2006-04-30 13:00:00,12.05555,-18.65310,1.92941
20060388,2006-04-30 14:00:00,12.02590,-18.55430,1.85525
20060388,2006-04-30 15:00:00,12.00627,-18.39698,1.77859
20060388,2006-04-30 16:00:00,12.06726,-18.28244,1.68951
20060388,2006-04-30 17:00:00,12.20527,-18.17813,1.70922
20060388,2006-04-30 18:00:00,12.28226,-17.97059,1.74258
20060388,2006-04-30 19:00:00,12.27651,-17.71270,1.80266
20060388,2006-04-30 20:00:00,12.30019,-17.52562,1.75569
20060388,2006-04-30 21:00:00,12.32018,-17.35014,1.72462
20060388,2006-04-30 22:00:00,12.45854,-17.33283,1.92180
20060388,2006-04-30 23:00:00,12.32706,-16.99280,1.93250
20060388,2006-05-01 00:00:00,12.25563,-16.78349,1.99106
20060388,2006-05-01 01:00:00,12.17771,-16.62815,2.05364
20060388,2006-05-01 02:00:00,12.07822,-16.47117,2.14481
20060388,2006-05-01 03:00:00,11.99951,-16.35096,2.27645
20060388,2006-05-01 04:00:00,11.92093,-16.24830,2.37380
20060388,2006-05-01 05:00:00,11.82323,-16.17396,2.43411
20060388,2006-05-01 06:00:00,11.76399,-16.10172,2.52374
20060388,2006-05-01 07:00:00,11.74180,-15.99174,2.62765
20060388,2006-05-01 08:00:00,11.55064,-15.78141,2.55591
20060388,2006-05-01 09:00:00,11.41663,-15.75914,2.43541
20060388,2006-05-01 10:00:00,11.30318,-15.59427,2.40865
20060388,2006-05-01 11:00:00,11.13822,-15.55358,2.25128
20060388,2006-05-01 12:00:00,10.93084,-15.42724,2.10491
20060388,2006-05-01 13:00:00,10.74128,-15.32468,1.96843
20060388,2006-05-01 14:00:00,10.56617,-15.14053,1.83929
20060388,2006-05-01 15:00:00,10.49741,-15.01855,1.79842
20060388,2006-05-01 16:00:00,10.50376,-15.03174,1.76498
20060388,2006-05-01 17:00:00,10.41975,-14.89720,1.71715
20060388,2006-05-01 18:00:00,10.17938,-14.59751,1.66302
20060388,2006-05-01 19:00:00,9.98072,-14.40276,1.61770
20060388,2006-05-01 20:00:00,9.84411,-14.23870,1.56918
20060388,2006-05-01 21:00:00,9.68158,-14.04713,1.52113
